chromosome	position	GC.percent	good.reads	adjusted.ratio	F	mutation	CNn	CNt	Mt	LPP
1	916644	48	72	0.950148266523645	0.194	C>T	2	2	2	-10.2982987999559
1	43896314	60	87	0.950148266523645	0.264	C>T	2	2	2	-12.3398894551558
1	45887459	48	42	0.950148266523645	0.238	G>A	2	2	2	-11.4784435673526
1	150131412	58	65	0.986403838702721	0.138	C>T	2	2	2	-10.7200004295934
1	198723441	34	48	0.986403838702721	0.146	C>T	2	2	2	-10.4900508238102
1	201187743	66	42	0.986403838702721	0.143	G>A	2	2	2	-10.7200004295934
2	74689920	42	45	1.00822104007192	0.311	T>C	2	2	2	-15.368509796141
2	74689921	42	45	1.00822104007192	0.311	A>T	2	2	2	-15.368509796141
2	88828613	52	53	1.00822104007192	0.189	G>A	2	2	2	-10.2970256742467
2	102968057	54	44	1.03634635807679	0.136	C>T	2	3	2	-10.3867630455171
3	36875131	62	48	1.0958873034119	0.146	G>A	2	3	2	-10.2527289248031
3	47039972	52	166	1.0958873034119	0.133	C>T	2	3	2	-10.5849013117524
3	148859102	48	45	1.13068103541848	0.133	C>T	2	4	2	-10.3196007214256
4	21305527	50	129	1.44940610767755	0.109	C>T	2	7	2	-10.1164417393741
4	149357448	48	40	0.949384451456044	0.275	C>T	2	2	2	-13.406101275719
5	114466387	48	41	1.03061523385654	0.195	G>A	2	3	2	-10.7062604539356
5	132585123	54	73	1.03061523385654	0.11	G>A	2	3	1	-10.4992362788741
5	140175480	34	82	1.03061523385654	0.146	G>A	2	3	2	-10.2609536989865
5	157182040	68	46	1.03061523385654	0.152	C>T	2	3	2	-10.2609536989865
6	16306698	60	71	1.03355851732515	0.169	C>T	2	3	2	-10.2342632071902
6	31599294	76	79	1.03355851732515	0.19	G>A	2	3	2	-10.4844895864333
6	36938400	70	125	1.06851304820637	0.104	G>A	2	3	1	-10.1849802935708
6	46216627	34	42	1.06851304820637	0.167	A>G	2	3	2	-10.2260384330069
6	121768871	44	43	1.01442842963584	0.14	G>A	2	2	2	-10.7200004295934
6	148864961	68	43	1.01442842963584	0.163	C>T	2	2	2	-10.3363357789277
6	158923476	62	98	1.01442842963584	0.173	C>A	2	2	2	-10.2550798135087
7	30961662	60	81	1.05801939589942	0.198	C>T	2	3	2	-10.7062604539356
7	100212538	58	46	0.992184630674963	0.109	C>T	2	2	1	-10.2700618401675
7	106508294	68	108	0.992184630674963	0.167	C>T	2	2	2	-10.2550798135087
7	142162187	50	51	0.992184630674963	0.137	G>A	2	2	2	-10.7200004295934
9	96422517	58	124	1.05055036363459	0.129	C>T	2	3	2	-10.5931260859357
11	282641	58	91	1.02100763870644	0.143	G>A	2	3	2	-10.3867630455171
11	64699236	58	43	1.01385630180466	0.116	G>A	2	2	1	-10.579967049404
12	6692368	60	81	0.946724411536107	0.16	G>A	2	2	2	-10.337608904637
12	52756659	54	77	1.02567734995871	0.13	C>T	2	3	2	-10.5931260859357
12	53242415	50	90	1.02567734995871	0.144	G>A	2	3	2	-10.3867630455171
12	100206002	44	40	1.02567734995871	0.1	C>T	2	3	1	-10.1932050677541
12	101759266	46	43	1.02567734995871	0.163	G>A	2	3	2	-10.2113789133566
12	109704072	56	103	1.02567734995871	0.223	G>A	2	3	3	-10.5340341984407
14	105455410	32	48	1.02030825995144	0.292	G>T	2	3	3	-10.8761421268584
15	75012938	62	58	1.08591733553783	0.207	C>T	2	3	3	-10.6933324421062
15	91461995	58	61	1.08591733553783	0.246	G>A	2	3	3	-10.3596328503528
15	101968269	48	40	1.08591733553783	0.15	G>C	2	3	2	-10.2527289248031
16	9862909	62	46	0.896960677891929	0.174	C>T	2	1	1	-12.6020955854513
16	24372924	64	83	0.896960677891929	0.253	C>T	2	1	1	-19.7738536320154
16	30776634	52	52	0.896960677891929	0.212	G>A	2	1	1	-15.7131040690963
16	79998006	40	51	0.963026324308361	0.275	T>C	2	2	2	-13.406101275719
17	8053055	62	68	0.925509203794636	0.235	G>A	2	1	1	-18.6899657559194
17	18575206	60	68	0.925509203794636	0.103	G>A	2	1	1	-10.00822762209
17	37884204	68	95	1.03622885529349	0.189	G>A	2	3	2	-10.4844895864333
17	38978605	60	87	1.03622885529349	0.218	C>T	2	3	3	-10.5340341984407
17	39594430	60	85	1.03622885529349	0.106	C>T	2	3	1	-10.4992362788741
17	43552812	52	63	1.03622885529349	0.127	A>G	2	3	2	-10.5931260859357
17	72469989	52	58	1.03622885529349	0.103	G>A	2	3	1	-10.1932050677541
17	79682626	76	66	1.03622885529349	0.106	A>T	2	3	1	-10.4992362788741
19	7692242	66	49	2.23601250958789	0.469	G>A	2	16	12	-10.4331799160965
19	17313784	60	81	0.94908003647128	0.16	G>C	2	2	2	-10.337608904637
19	38995495	52	61	1.00808738147709	0.246	A>C	2	2	2	-11.8816604155933
19	55176318	58	49	1.00808738147709	0.122	C>T	2	2	1	-10.579967049404
20	30438556	64	47	1.22086839714569	0.213	G>A	2	5	3	-10.2983713697775
20	35509022	58	41	1.22086839714569	0.146	C>T	2	5	2	-10.1938800761127
20	57769303	62	136	1.22086839714569	0.176	C>T	2	5	3	-10.5688727559929
22	22326246	50	52	1.09044281480207	0.135	C>T	2	3	2	-10.3785382713337
22	24086054	50	49	1.09044281480207	0.102	C>T	2	3	1	-10.1849802935708
22	24095313	64	76	1.09044281480207	0.132	G>A	2	3	2	-10.5849013117524
22	24095314	64	77	1.09044281480207	0.13	T>G	2	3	2	-10.5849013117524
22	32352584	58	44	1.09044281480207	0.182	C>T	2	3	2	-10.3180573317271
22	37273721	60	90	1.09044281480207	0.144	G>A	2	3	2	-10.3785382713337
22	37603638	60	110	1.09044281480207	0.155	C>T	2	3	2	-10.2031541391733
22	37771082	70	90	1.09044281480207	0.189	G>A	2	3	2	-10.47626481225
22	42968453	42	45	1.09044281480207	0.133	G>A	2	3	2	-10.5849013117524
