chromosome	start.pos	end.pos	Bf	N.BAF	sd.BAF	depth.ratio	N.ratio	sd.ratio	CNt	A	B	LPP
1	876499	121116933	0.498928660881631	2023	0.0768447503643013	1.02929289810804	3827011	0.379563061158478	2	1	1	-6.77986257216162
1	144013853	150666614	0.452027583402254	163	0.103412743343722	1.04062384553264	170960	0.40132151587628	2	2	0	-6.73329921339003
1	150679033	248814052	0.498924769875942	1519	0.0677113413465615	1.07580903327944	3026435	0.399560978525694	3	2	1	-6.87425559198567
2	224919	87042825	0.498922632976057	888	0.070933603876312	1.04209830302568	1787082	0.389357726276133	2	1	1	-6.73561271062136
2	87048677	91925022	0.498662498789337	30	0.129253599963205	1.24396626817857	49367	0.531193297579655	6	3	3	-6.73316326461265
2	95537245	243037218	0.498929783721852	1475	0.0775918533801552	1.06601362118932	3322983	0.39693806527037	2	1	1	-7.07417759867626
3	386247	90276661	0.498920445896877	796	0.0682886464263637	1.04403459270165	2096652	0.391120885363438	2	1	1	-6.74038742905211
3	93593119	197682555	0.498911762932999	950	0.0778771804786876	1.06410798980819	2033114	0.398388392770528	2	1	1	-6.94412876911288
4	59571	49000652	0.494511916238826	582	0.07385862723686	1.01524885698254	860953	0.379790247975742	2	1	1	-6.84611116701012
4	52894335	190878759	0.485832208452275	816	0.0741864050745339	1.07578326596711	1771717	0.389061637476955	3	2	1	-6.85310262738377
5	169763	44310492	0.498896486993912	388	0.0719102393324135	1.06952120153748	604735	0.411017261932015	3	2	1	-6.8552339525015
5	50052888	180687907	0.473097924547548	1142	0.0681046426555632	1.04808629900678	2487973	0.391196955222151	2	2	0	-6.83716475302612
6	312023	32427789	0.498914708846937	604	0.0754171082529429	1.03858008283842	924848	0.386436744015774	2	1	1	-6.7332197492833
6	32487277	32634405	0.337847097325902	51	0.118670834912473	1.08385198250281	6925	0.476862979378872	8	8	0	-6.75476848007615
6	32709309	57472533	0.498903289567407	524	0.0747963463319269	1.05393962581297	965310	0.397766772378347	2	1	1	-6.75142153793518
6	62407067	170892848	0.498915900133871	902	0.0747148529402618	1.06541560201411	1665852	0.40046178341298	2	1	1	-6.97288234985763
7	286534	7514235	0.491787601143759	293	0.0654979159784652	0.950670020815926	312666	0.348405182757365	0	0	0	-6.75181329656727
7	7545691	57529392	0.498898280582295	453	0.0719204001971876	1.07354585269863	802600	0.41782026749352	3	2	1	-6.8380604003212
7	63032699	158937375	0.498919198925417	1258	0.0755870916605058	1.04840653987095	2275279	0.396457816357475	2	1	1	-6.76075398958807
8	182934	43013936	0.498911506394694	621	0.0621567774553766	1.06063951714635	861417	0.407744098575193	2	1	1	-6.79626708285789
8	48733572	143570281	0.498915368479414	623	0.0722792382677661	1.07025964478917	1176768	0.411453759863542	3	2	1	-6.91638467464284
8	143570921	146229040	0.499245909470341	196	0.0558632515888066	0.872639479413999	289147	0.253011849129793	0	0	0	-6.85093169964655
9	214706	40503255	0.498907200094257	393	0.0665794969392313	1.08329576389323	679681	0.406979831489013	3	2	1	-6.80995338506894
9	65602551	141070283	0.498923501460226	1118	0.069536739167518	1.01151197033068	2188818	0.375145919802751	2	1	1	-6.96098170721387
10	95074	36813218	0.498906254877854	422	0.0756766389058179	1.06167724070536	621525	0.401015609781464	2	1	1	-6.79456824773477
10	43971441	135271764	0.473073713736814	1274	0.0751771799073894	1.06459498739382	2120691	0.403228019597389	3	2	1	-6.9338751639535
11	193096	3078536	0.499140443848172	293	0.06844073156365	0.888205345289307	306985	0.275661736160375	0	0	0	-6.79355009128778
11	3121363	51516257	0.498915268533594	739	0.0723242183509587	1.08936171948097	1170984	0.393496995555441	3	2	1	-6.79227344675809
11	55111500	60702347	0.204568593877616	152	0.0677648294250486	1.1479255738689	235040	0.382831729147512	9	9	0	-9.16776204473378
11	60703777	134856661	0.498921604202963	1118	0.0741657325763373	1.01496554531729	2499889	0.377236353215671	2	1	1	-6.90401174754719
12	235128	32945721	0.498902464964695	584	0.0835468119408172	1.05597973189989	961908	0.398731972882167	2	1	1	-6.76418260231299
12	38712020	133354229	0.494620781776097	1355	0.0799156274203112	1.05196560822748	2914958	0.403607252209036	2	1	1	-6.78628861769383
13	19751544	115091399	0.498902158029263	565	0.0721400453421641	1.05113442177969	1216891	0.387524283430651	2	1	1	-6.7814306395848
14	20201561	107211211	0.498921393295298	1228	0.0737740544965707	1.0383967667709	2336868	0.39206203491055	2	1	1	-6.73342728268529
15	20444794	22482858	0.498684739998648	46	0.112386978116869	1.22195596527151	13950	0.332393793743995	6	3	3	-6.73773113941412
15	22845652	102388991	0.498914643472517	1174	0.0723785519794791	1.05764951059168	2454919	0.387342706732841	2	1	1	-6.82882507946936
16	97610	4920412	0.498904942897718	390	0.0761626476858005	0.901552138225192	633359	0.307339236159292	0	0	0	-6.77445722569965
16	4920661	32893876	0.494502985435782	493	0.0750243310522607	1.03798165208792	958900	0.395343506515452	2	1	1	-6.73642785776415
16	32896606	34257013	0.380205039525668	46	0.0829820218000802	1.22330163801281	12094	0.386046759717369	6	6	0	-6.73743659303281
16	46705576	90110798	0.49891128208074	858	0.0731742194786049	1.012578045062	1440535	0.38381507275576	2	1	1	-6.85096066935821
17	6115	21730653	0.498923304125885	766	0.0695594442318785	1.00265934463067	1257662	0.3823827708188	1	1	0	-6.83201547087702
17	25628820	44159849	0.49907772680311	621	0.0605209805033486	1.01732555179286	1230012	0.380034080042774	2	1	1	-6.76819108782546
17	44159988	44364056	0.326551714463408	21	0.09292915888691	1.00086016295132	3901	0.338537797621332	8	8	0	-6.85429583359944
17	44364209	81043039	0.496770817662979	933	0.0696827797150183	0.976104843619663	1701450	0.356266328575018	1	1	0	-6.8208639569168
18	118580	15004525	0.498865240947089	201	0.074637959344588	1.06768569249905	278578	0.387772283372134	2	1	1	-6.77592329842759
18	19070378	77896242	0.498902637026188	426	0.0684001741382913	1.08273292305455	760424	0.40724830020778	3	2	1	-6.81161765296368
19	312020	23927345	0.498931609038902	1429	0.0656144646972656	0.944490379382116	2088531	0.33544838156474	0	0	0	-6.74497020526257
19	29567046	59074653	0.498930490707594	1601	0.0715918560144606	0.995355912672363	2438506	0.359777554622685	1	1	0	-6.81562504942789
20	138125	25900273	0.498896022234474	373	0.0697686724914431	1.05716951904335	549006	0.397004342195568	2	1	1	-6.76147758541645
20	29625788	61289958	0.496725538940042	543	0.0716840720955117	1.05720835375195	1101606	0.3958270666385	2	1	1	-6.76938038877332
20	61292536	62904542	0.499357379632125	150	0.0522209164639141	0.896199521084275	177136	0.276459541051282	0	0	0	-6.75621316708154
21	9825684	11098626	0.371725755729452	24	0.0839324154443254	1.17097600930907	8927	0.359914447054481	6	6	0	-6.75729195272745
21	15399864	48078611	0.498897796188406	543	0.0794017502845997	1.01563425870581	737613	0.372002284769756	2	1	1	-6.80752701729233
22	17055458	51219006	0.498918015529254	1084	0.0731629199166653	0.997689378955686	1638136	0.373687806626516	1	1	0	-6.81943710412919
