chromosome	position	GC.percent	good.reads	adjusted.ratio	F	mutation	CNn	CNt	Mt	LPP
1	1117303	62	51	1.02638949874419	0.137	C>T	2	2	1	-11.5775150771019
1	2526778	62	69	1.02638949874419	0.159	C>T	2	2	1	-10.8718197187319
1	6191695	50	57	1.02638949874419	0.14	G>A	2	2	1	-11.5775150771019
1	7869989	68	74	1.02638949874419	0.27	C>T	2	2	1	-11.6110506390452
1	9657101	78	57	1.02638949874419	0.158	C>T	2	2	1	-10.8718197187319
1	10042450	44	109	1.02638949874419	0.138	C>T	2	2	1	-11.5775150771019
1	10218439	42	59	1.02638949874419	0.102	C>T	2	2	1	-14.0010688985703
1	12343508	34	85	1.02638949874419	0.176	C>T	2	2	1	-10.4564116850763
1	12907769	42	57	1.02638949874419	0.175	C>T	2	2	1	-10.4564116850763
1	15986371	42	55	1.02638949874419	0.145	C>T	2	2	1	-11.5775150771019
1	16533033	58	107	1.02638949874419	0.187	C>T	2	2	1	-10.3494635524944
1	22150775	66	43	1.01521536615343	0.163	G>A	2	2	1	-10.85202095891
1	23111002	60	98	1.01521536615343	0.184	G>T	2	2	1	-10.4366129252544
1	23760729	54	72	1.01521536615343	0.125	G>A	2	2	1	-12.5862902923042
1	25889628	66	41	1.01521536615343	0.122	C>T	2	2	1	-12.5862902923042
1	26107688	60	49	1.01521536615343	0.122	A>C	2	2	1	-12.5862902923042
1	27660785	64	108	1.01521536615343	0.185	C>T	2	2	1	-10.4366129252544
1	32150146	66	49	1.01521536615343	0.102	G>A	2	2	1	-13.9812701387484
1	32505198	40	64	1.01521536615343	0.125	G>A	2	2	1	-12.5862902923042
1	33790595	60	73	1.01521536615343	0.151	G>A	2	2	1	-11.1667513576447
1	35847150	34	53	1.01521536615343	0.208	C>T	2	2	1	-10.3041079856354
1	36359831	56	76	1.01521536615343	0.132	C>T	2	2	1	-12.0292349708034
1	39900182	52	67	1.01521536615343	0.164	C>T	2	2	1	-10.85202095891
1	40218924	48	99	1.01521536615343	0.131	C>T	2	2	1	-12.0292349708034
1	40226138	58	68	1.01521536615343	0.191	G>A	2	2	1	-10.3296647926725
1	43205659	64	41	1.01521536615343	0.122	C>T	2	2	1	-12.5862902923042
1	43787108	58	72	1.01521536615343	0.208	G>A	2	2	1	-10.3041079856354
1	47030817	42	45	1.01521536615343	0.111	G>A	2	2	1	-13.2346878767324
1	47311285	48	44	1.01521536615343	0.182	C>T	2	2	1	-10.4366129252544
1	52179707	42	42	1.01521536615343	0.19	C>T	2	2	1	-10.3296647926725
1	53236850	48	40	1.01521536615343	0.125	A>G	2	2	1	-12.5862902923042
1	53323095	40	119	1.01521536615343	0.227	G>A	2	2	1	-10.5151522467981
1	57204360	38	44	1.01521536615343	0.295	G>A	2	2	1	-12.9281405703891
1	65129481	60	103	1.01521536615343	0.223	C>T	2	2	1	-10.3810347220426
1	75685042	44	92	1.01521536615343	0.141	C>T	2	2	1	-11.55771631728
1	77093162	54	49	1.01521536615343	0.408	A>G	2	2	2	-10.48347547393
1	78958792	44	95	1.01521536615343	0.168	C>T	2	2	1	-10.6097496396389
1	84399358	52	64	1.01521536615343	0.156	C>A	2	2	1	-10.85202095891
1	89453962	42	97	1.01521536615343	0.165	G>A	2	2	1	-10.85202095891
1	94012898	26	89	1.01521536615343	0.112	C>T	2	2	1	-13.2346878767324
1	103352442	46	65	1.01521536615343	0.185	C>T	2	2	1	-10.4366129252544
1	112323284	50	49	1.01521536615343	0.102	C>T	2	2	1	-13.9812701387484
1	114524132	54	103	1.01521536615343	0.117	C>T	2	2	1	-12.5862902923042
1	116283358	50	61	1.01521536615343	0.115	G>A	2	2	1	-12.5862902923042
1	117503988	54	84	1.01521536615343	0.238	C>T	2	2	1	-10.7047327908083
1	118727724	48	46	1.01521536615343	0.152	T>C	2	2	1	-11.1667513576447
1	120506243	60	57	1.01521536615343	0.246	A>G	2	2	1	-10.9482074109061
1	150131391	74	85	1.01604300191663	0.118	C>T	2	2	1	-12.5862902923042
1	151111965	42	59	1.01604300191663	0.153	G>A	2	2	1	-11.1667513576447
1	151810661	80	193	1.01604300191663	0.202	G>A	2	2	1	-10.28628004707
1	152733563	64	181	1.01604300191663	0.182	C>T	2	2	1	-10.4366129252544
1	152777880	64	56	1.01604300191663	0.179	G>A	2	2	1	-10.4366129252544
1	155003774	64	54	1.01604300191663	0.185	G>A	2	2	1	-10.4366129252544
1	155033214	60	76	1.01604300191663	0.211	C>T	2	2	1	-10.3041079856354
1	155642493	52	83	1.01604300191663	0.145	G>A	2	2	1	-11.55771631728
1	155904250	60	199	1.01604300191663	0.226	C>T	2	2	1	-10.5151522467981
1	156756375	52	48	1.01604300191663	0.104	C>T	2	2	1	-13.9812701387484
1	156897463	76	70	1.01604300191663	0.114	G>A	2	2	1	-13.2346878767324
1	157963377	88	57	1.01604300191663	0.193	C>T	2	2	1	-10.3296647926725
1	158262523	44	48	1.01604300191663	0.167	A>G	2	2	1	-10.6097496396389
1	158639260	46	82	1.01604300191663	0.22	A>C	2	2	1	-10.3810347220426
1	160000591	36	174	1.01604300191663	0.195	G>A	2	2	1	-10.28628004707
1	161483816	42	119	1.01604300191663	0.16	G>A	2	2	1	-10.85202095891
1	167088647	52	130	1.01604300191663	0.192	C>T	2	2	1	-10.3296647926725
1	170521376	48	72	1.01604300191663	0.111	A>G	2	2	1	-13.2346878767324
1	171130430	52	112	1.01604300191663	0.116	G>A	2	2	1	-12.5862902923042
1	172501620	48	101	1.01604300191663	0.168	G>A	2	2	1	-10.6097496396389
1	178389630	48	64	1.01604300191663	0.141	C>T	2	2	1	-11.55771631728
1	179086532	48	90	1.01604300191663	0.178	G>A	2	2	1	-10.4366129252544
1	180167330	56	74	1.01604300191663	0.162	C>T	2	2	1	-10.85202095891
1	181701704	72	106	1.01604300191663	0.123	C>T	2	2	1	-12.5862902923042
1	183542461	54	51	1.01604300191663	0.157	G>A	2	2	1	-10.85202095891
1	201336046	60	100	1.01604300191663	0.24	G>A	2	2	1	-10.7047327908083
1	201860518	52	61	1.01604300191663	0.197	C>T	2	2	1	-10.28628004707
1	202934598	54	61	1.01604300191663	0.197	G>A	2	2	1	-10.28628004707
1	203015341	62	41	1.01604300191663	0.122	C>T	2	2	1	-12.5862902923042
1	203453164	50	80	1.01604300191663	0.1	C>T	2	2	1	-13.9812701387484
1	203676222	50	96	1.01604300191663	0.177	C>T	2	2	1	-10.4366129252544
1	203743122	56	53	1.01604300191663	0.132	A>G	2	2	1	-12.0292349708034
1	205718993	84	94	1.01604300191663	0.213	G>A	2	2	1	-10.3041079856354
1	209779637	38	74	1.01604300191663	0.108	C>T	2	2	1	-13.2346878767324
1	210415669	44	120	1.01604300191663	0.108	G>A	2	2	1	-13.2346878767324
1	212937359	30	48	1.01604300191663	0.25	G>A	2	2	1	-10.9482074109061
1	220935122	40	45	1.01604300191663	0.2	C>T	2	2	1	-10.28628004707
1	223284992	52	60	1.01604300191663	0.1	G>A	2	2	1	-13.9812701387484
1	226923873	78	90	1.01604300191663	0.167	C>T	2	2	1	-10.6097496396389
1	228588910	70	73	1.01604300191663	0.192	G>A	2	2	1	-10.3296647926725
1	231075076	44	62	1.01604300191663	0.145	A>C	2	2	1	-11.55771631728
1	237754039	42	54	1.01604300191663	0.13	C>T	2	2	1	-12.0292349708034
1	237819223	34	57	1.01604300191663	0.351	G>A	2	2	2	-11.2104049240343
1	240070863	48	48	1.01604300191663	0.125	G>A	2	2	1	-12.5862902923042
1	240497409	48	63	1.01604300191663	0.159	G>A	2	2	1	-10.85202095891
1	241761112	42	73	1.01604300191663	0.11	G>A	2	2	1	-13.2346878767324
1	247588375	50	41	1.01604300191663	0.122	A>G	2	2	1	-12.5862902923042
1	247902560	36	73	1.01604300191663	0.123	C>T	2	2	1	-12.5862902923042
1	248605309	46	56	1.01604300191663	0.107	T>A	2	2	1	-13.2346878767324
1	248844946	52	42	0.723	0.119	G>A	2	1	1	-15.9820815107945
1	249148210	50	52	1.548	0.231	G>A	2	5	2	-10.470058372764
2	8926326	44	67	1.00561191621812	0.209	G>A	2	2	1	-10.3041079856354
2	11809721	66	45	1.00561191621812	0.178	C>T	2	2	1	-10.4366129252544
2	20647740	64	208	1.00561191621812	0.178	G>A	2	2	1	-10.4366129252544
2	21231147	32	59	1.00561191621812	0.203	T>A	2	2	1	-10.28628004707
2	24881587	58	48	1.00561191621812	0.229	C>T	2	2	1	-10.5151522467981
2	27806144	50	82	1.00561191621812	0.134	C>T	2	2	1	-12.0292349708034
2	29234364	52	60	1.00561191621812	0.1	C>T	2	2	1	-13.9812701387484
2	29419650	40	78	1.00561191621812	0.128	C>T	2	2	1	-12.0292349708034
2	30966297	48	63	1.00561191621812	0.206	G>A	2	2	1	-10.3041079856354
2	31628729	52	74	1.00561191621812	0.203	C>T	2	2	1	-10.28628004707
2	36691757	46	55	1.00561191621812	0.127	G>C	2	2	1	-12.0292349708034
2	40657376	38	42	1.00561191621812	0.119	C>T	2	2	1	-12.5862902923042
2	51254947	80	167	1.00561191621812	0.204	G>A	2	2	1	-10.28628004707
2	68384919	66	331	1.00561191621812	0.157	C>T	2	2	1	-10.85202095891
2	68622914	54	51	1.00561191621812	0.137	G>A	2	2	1	-11.55771631728
2	74315040	66	92	1.00561191621812	0.141	C>T	2	2	1	-11.55771631728
2	80529669	68	46	1.00561191621812	0.152	G>A	2	2	1	-11.1667513576447
2	86255714	50	164	1.00561191621812	0.299	T>C	2	2	1	-12.9281405703891
2	87048821	52	122	1.00561191621812	0.131	C>T	2	2	1	-12.0292349708034
2	89197153	42	78	1.00561191621812	0.179	C>T	2	2	1	-10.4366129252544
2	89544421	48	95	1.00561191621812	0.116	G>A	2	2	1	-12.5862902923042
2	96948054	46	46	0.998959442383483	0.261	G>A	2	2	1	-11.2441479709072
2	113089136	48	66	0.998959442383483	0.227	C>T	2	2	1	-10.5151522467981
2	114392570	48	44	0.998959442383483	0.205	T>C	2	2	1	-10.28628004707
2	120362362	54	54	0.998959442383483	0.111	G>A	2	2	1	-13.2346878767324
2	121223739	60	102	0.998959442383483	0.118	C>T	2	2	1	-12.5862902923042
2	124771636	46	92	0.998959442383483	0.12	C>T	2	2	1	-12.5862902923042
2	128262783	58	89	0.998959442383483	0.135	G>A	2	2	1	-11.55771631728
2	133540940	58	65	0.998959442383483	0.2	C>T	2	2	1	-10.28628004707
2	135911265	46	62	0.998959442383483	0.113	C>T	2	2	1	-13.2346878767324
2	136566679	64	48	0.998959442383483	0.146	G>A	2	2	1	-11.1667513576447
2	152726958	54	40	0.998959442383483	0.175	G>A	2	2	1	-10.4366129252544
2	160706911	48	106	0.998959442383483	0.123	C>T	2	2	1	-12.5862902923042
2	163200606	66	68	0.998959442383483	0.103	G>A	2	2	1	-13.9812701387484
2	166781168	48	52	0.998959442383483	0.135	A>C	2	2	1	-11.55771631728
2	173428763	44	82	0.998959442383483	0.134	C>T	2	2	1	-12.0292349708034
2	175260548	66	84	0.998959442383483	0.155	G>A	2	2	1	-10.85202095891
2	176959335	44	57	0.998959442383483	0.228	G>A	2	2	1	-10.5151522467981
2	179396893	34	47	0.998959442383483	0.213	C>T	2	2	1	-10.3041079856354
2	179399201	36	89	0.998959442383483	0.191	C>T	2	2	1	-10.3296647926725
2	179438968	34	85	0.998959442383483	0.129	C>T	2	2	1	-12.0292349708034
2	179580284	54	68	0.998959442383483	0.206	G>T	2	2	1	-10.3041079856354
2	179587255	46	82	0.998959442383483	0.171	G>A	2	2	1	-10.6097496396389
2	179605860	54	46	0.998959442383483	0.217	C>T	2	2	1	-10.3810347220426
2	179612744	46	119	0.998959442383483	0.193	G>A	2	2	1	-10.3296647926725
2	179664356	60	49	0.998959442383483	0.265	G>A	2	2	1	-11.2441479709072
2	182438605	32	42	0.998959442383483	0.143	G>A	2	2	1	-11.55771631728
2	186671588	42	75	0.998959442383483	0.16	G>A	2	2	1	-10.85202095891
2	196723500	44	51	0.998959442383483	0.216	C>T	2	2	1	-10.3810347220426
2	202569004	34	42	0.998959442383483	0.19	C>A	2	2	1	-10.3296647926725
2	206041155	44	41	0.998959442383483	0.195	C>T	2	2	1	-10.28628004707
2	215851404	42	71	0.998959442383483	0.211	A>G	2	2	1	-10.3041079856354
2	218762579	60	77	0.998959442383483	0.117	C>T	2	2	1	-12.5862902923042
2	220087327	60	60	0.998959442383483	0.217	G>A	2	2	1	-10.3810347220426
2	232146759	42	97	0.998959442383483	0.258	C>T	2	2	1	-11.2441479709072
2	232663703	38	86	0.998959442383483	0.163	C>T	2	2	1	-10.85202095891
2	233322730	56	52	0.998959442383483	0.173	G>A	2	2	1	-10.6097496396389
2	241570103	62	119	0.998959442383483	0.185	G>A	2	2	1	-10.4366129252544
3	1443117	44	60	0.848424101570235	0.167	C>T	2	1	1	-12.4765946382931
3	16639958	36	62	0.848424101570235	0.177	C>T	2	1	1	-12.005238346154
3	19975471	48	46	0.848424101570235	0.174	C>T	2	1	1	-12.4765946382931
3	20012132	46	52	0.848424101570235	0.327	A>T	2	1	1	-11.7835899484466
3	42739039	64	70	0.848424101570235	0.129	C>T	2	1	1	-15.0889582804759
3	43122588	70	73	0.848424101570235	0.288	G>A	2	1	1	-10.7225009958517
3	44952696	60	40	0.848424101570235	0.225	C>T	2	1	1	-10.756781831924
3	48679904	60	49	0.848424101570235	0.102	G>A	2	1	1	-17.9356521816845
3	49723274	72	44	0.848424101570235	0.136	G>A	2	1	1	-14.3192200491979
3	50293694	54	89	0.999800392453729	0.258	C>T	2	2	1	-11.2441479709072
3	54676304	42	62	0.999800392453729	0.129	C>T	2	2	1	-12.0292349708034
3	54798245	42	55	0.999800392453729	0.255	G>A	2	2	1	-11.2441479709072
3	56207443	40	74	0.999800392453729	0.135	A>G	2	2	1	-11.55771631728
3	68606504	38	89	0.999800392453729	0.112	C>T	2	2	1	-13.2346878767324
3	79174606	48	68	0.999800392453729	0.265	C>T	2	2	1	-11.2441479709072
3	93615439	36	53	0.960072594846477	0.245	G>A	2	2	1	-10.7245392855788
3	97356765	46	54	0.960072594846477	0.278	G>A	2	2	1	-12.0081355785365
3	99648748	46	61	0.960072594846477	0.115	C>T	2	2	1	-12.6060967870746
3	100560986	42	44	0.960072594846477	0.182	G>A	2	2	1	-10.4564194200248
3	108081228	44	55	0.960072594846477	0.182	G>A	2	2	1	-10.4564194200248
3	109023521	42	52	0.960072594846477	0.269	G>A	2	2	1	-11.6110583739937
3	112080427	46	145	0.960072594846477	0.152	C>T	2	2	1	-11.1865578524151
3	113720542	54	113	0.960072594846477	0.319	G>A	2	2	2	-12.173954206222
3	114014670	52	62	0.960072594846477	0.113	C>T	2	2	1	-13.2544943715029
3	118866365	46	81	0.960072594846477	0.136	C>T	2	2	1	-11.5775228120505
3	119222415	58	45	0.960072594846477	0.178	C>T	2	2	1	-10.4564194200248
3	120673889	40	73	0.960072594846477	0.123	C>T	2	2	1	-12.6060967870746
3	122002676	58	65	0.960072594846477	0.123	C>T	2	2	1	-12.6060967870746
3	122629147	44	50	0.960072594846477	0.12	G>T	2	2	1	-12.6060967870746
3	133109076	54	75	0.960072594846477	0.16	G>A	2	2	1	-10.8718274536805
3	133109077	54	75	0.960072594846477	0.16	G>A	2	2	1	-10.8718274536805
3	133368715	40	54	0.960072594846477	0.111	G>A	2	2	1	-13.2544943715029
3	140406983	52	84	0.960072594846477	0.107	C>T	2	2	1	-13.2544943715029
3	140407248	64	40	0.960072594846477	0.1	G>A	2	2	1	-14.0010766335188
3	142669528	44	47	0.960072594846477	0.298	G>A	2	2	1	-12.9479470651596
3	142747503	24	59	0.960072594846477	0.102	C>T	2	2	1	-14.0010766335188
3	151083688	48	73	0.960072594846477	0.11	T>C	2	2	1	-13.2544943715029
3	164906793	54	47	0.960072594846477	0.106	A>G	2	2	1	-13.2544943715029
3	171455413	38	47	0.960072594846477	0.191	C>T	2	2	1	-10.3494712874429
3	175189586	34	40	0.960072594846477	0.125	C>T	2	2	1	-12.6060967870746
3	183888369	70	230	0.960072594846477	0.178	C>T	2	2	1	-10.4564194200248
3	185986671	62	82	0.960072594846477	0.171	G>A	2	2	1	-10.6295561344093
3	189612036	48	44	0.960072594846477	0.114	G>A	2	2	1	-13.2544943715029
3	189625236	48	90	0.960072594846477	0.1	G>A	2	2	1	-14.0010766335188
3	189692481	46	91	0.960072594846477	0.143	G>A	2	2	1	-11.5775228120505
3	195610154	62	94	0.960072594846477	0.17	C>T	2	2	1	-10.6295561344093
4	1244874	56	118	0.997736083052911	0.127	C>T	2	2	1	-12.0292349708034
4	1803237	64	54	0.997736083052911	0.204	G>A	2	2	1	-10.28628004707
4	1944128	44	74	0.997736083052911	0.189	G>A	2	2	1	-10.3296647926725
4	2272462	58	51	0.997736083052911	0.196	G>A	2	2	1	-10.28628004707
4	5990551	44	40	0.997736083052911	0.125	A>G	2	2	1	-12.5862902923042
4	8219965	58	94	0.997736083052911	0.149	C>T	2	2	1	-11.1667513576447
4	8229665	66	77	0.997736083052911	0.13	G>A	2	2	1	-12.0292349708034
4	8608532	58	99	0.997736083052911	0.101	C>T	2	2	1	-13.9812701387484
4	10077112	44	60	0.997736083052911	0.117	G>A	2	2	1	-12.5862902923042
4	11400677	38	81	0.997736083052911	0.185	G>A	2	2	1	-10.4366129252544
4	26487379	50	92	0.997736083052911	0.12	G>A	2	2	1	-12.5862902923042
4	40439936	72	89	0.997736083052911	0.101	C>G	2	2	1	-13.9812701387484
4	42639191	48	50	0.997736083052911	0.1	G>A	2	2	1	-13.9812701387484
4	48588742	38	57	0.997736083052911	0.123	T>C	2	2	1	-12.5862902923042
4	55564466	48	95	0.977141085056463	0.158	C>T	2	2	1	-10.8718274536805
4	68619946	48	80	0.977141085056463	0.175	C>T	2	2	1	-10.4564194200248
4	70709918	38	65	0.977141085056463	0.154	C>T	2	2	1	-11.1865578524151
4	71114908	54	99	0.977141085056463	0.222	C>T	2	2	1	-10.4008412168131
4	71510125	38	78	0.977141085056463	0.218	G>A	2	2	1	-10.4008412168131
4	74903807	40	50	0.977141085056463	0.2	C>T	2	2	1	-10.3060865418404
4	76928532	42	143	0.977141085056463	0.168	C>T	2	2	1	-10.6295561344093
4	77662968	72	57	0.977141085056463	0.158	C>T	2	2	1	-10.8718274536805
4	79421062	48	76	0.977141085056463	0.105	G>A	2	2	1	-14.0010766335188
4	80990576	42	64	0.977141085056463	0.109	G>A	2	2	1	-13.2544943715029
4	83425803	32	42	0.977141085056463	0.119	C>T	2	2	1	-12.6060967870746
4	96762304	46	97	0.977141085056463	0.165	G>A	2	2	1	-10.8718274536805
4	100134813	54	51	0.977141085056463	0.137	C>T	2	2	1	-11.5775228120505
4	100203726	56	77	0.977141085056463	0.117	C>T	2	2	1	-12.6060967870746
4	101344459	42	111	0.977141085056463	0.225	G>A	2	2	1	-10.4008412168131
4	114179219	46	95	0.977141085056463	0.116	C>T	2	2	1	-12.6060967870746
4	114302755	56	61	0.977141085056463	0.262	C>T	2	2	1	-11.2639544656777
4	123301320	48	68	0.977141085056463	0.206	G>A	2	2	1	-10.3239144804059
4	126328293	50	61	0.977141085056463	0.115	C>T	2	2	1	-12.6060967870746
4	151161546	54	68	0.977141085056463	0.118	C>T	2	2	1	-12.6060967870746
4	159956308	48	65	0.977141085056463	0.123	C>G	2	2	1	-12.6060967870746
4	164533729	40	42	0.977141085056463	0.119	C>T	2	2	1	-12.6060967870746
4	185328462	38	63	0.977141085056463	0.159	G>A	2	2	1	-10.8718274536805
4	186559345	42	115	0.977141085056463	0.191	G>A	2	2	1	-10.3494712874429
4	187205370	50	57	0.977141085056463	0.105	C>T	2	2	1	-14.0010766335188
4	190395072	36	56	0.977141085056463	0.107	A>G	2	2	1	-13.2544943715029
5	5306693	36	48	0.984444994867318	0.146	G>A	2	2	1	-11.1667513576447
5	10250123	42	62	0.984444994867318	0.145	C>T	2	2	1	-11.55771631728
5	16675127	64	44	0.984444994867318	0.136	C>T	2	2	1	-11.55771631728
5	35740240	30	93	0.984444994867318	0.183	C>T	2	2	1	-10.4366129252544
5	35789177	30	72	0.984444994867318	0.125	C>T	2	2	1	-12.5862902923042
5	35988647	48	81	0.984444994867318	0.21	C>T	2	2	1	-10.3041079856354
5	40835367	68	140	0.984444994867318	0.207	G>A	2	2	1	-10.3041079856354
5	41150052	44	46	0.984444994867318	0.196	G>A	2	2	1	-10.28628004707
5	41172438	42	89	0.984444994867318	0.112	C>T	2	2	1	-13.2346878767324
5	52216269	42	61	1.01043141700683	0.197	G>A	2	2	1	-10.28628004707
5	56777738	50	70	1.01043141700683	0.129	G>A	2	2	1	-12.0292349708034
5	64521969	54	96	1.01043141700683	0.146	C>T	2	2	1	-11.1667513576447
5	66166520	46	69	1.01043141700683	0.101	C>T	2	2	1	-13.9812701387484
5	66448480	42	46	1.01043141700683	0.174	C>T	2	2	1	-10.6097496396389
5	71489753	48	56	1.01043141700683	0.179	C>T	2	2	1	-10.4366129252544
5	72373267	42	42	1.01043141700683	0.167	G>A	2	2	1	-10.6097496396389
5	74754960	28	93	1.01043141700683	0.129	C>T	2	2	1	-12.0292349708034
5	78328618	56	96	1.01043141700683	0.167	C>T	2	2	1	-10.6097496396389
5	90070017	48	82	1.01043141700683	0.22	G>A	2	2	1	-10.3810347220426
5	95733173	36	46	1.01043141700683	0.152	C>T	2	2	1	-11.1667513576447
5	96245343	48	64	1.01043141700683	0.109	T>C	2	2	1	-13.2346878767324
5	122364472	50	82	1.01043141700683	0.207	C>T	2	2	1	-10.3041079856354
5	122713161	56	92	1.01043141700683	0.228	G>A	2	2	1	-10.5151522467981
5	136403527	40	78	1.01043141700683	0.167	G>A	2	2	1	-10.6097496396389
5	137781482	68	41	1.01043141700683	0.171	C>T	2	2	1	-10.6097496396389
5	140214382	54	53	1.01043141700683	0.208	G>A	2	2	1	-10.3041079856354
5	140236456	40	80	1.01043141700683	0.1	G>A	2	2	1	-13.9812701387484
5	140475363	48	83	1.01043141700683	0.133	C>T	2	2	1	-12.0292349708034
5	140501916	42	61	1.01043141700683	0.18	G>A	2	2	1	-10.4366129252544
5	140536594	44	57	1.01043141700683	0.193	G>A	2	2	1	-10.3296647926725
5	140558604	46	130	1.01043141700683	0.108	G>A	2	2	1	-13.2346878767324
5	140567338	36	109	1.01043141700683	0.174	G>A	2	2	1	-10.6097496396389
5	141024048	60	42	1.01043141700683	0.119	G>A	2	2	1	-12.5862902923042
5	141307853	64	63	1.01043141700683	0.111	C>T	2	2	1	-13.2346878767324
5	142526785	42	129	1.01043141700683	0.225	T>A	2	2	1	-10.3810347220426
5	146728270	46	88	1.01043141700683	0.307	C>T	2	2	2	-12.5585529360476
5	149310684	48	77	1.01043141700683	0.234	G>A	2	2	1	-10.5151522467981
5	149786812	64	48	1.01043141700683	0.188	G>A	2	2	1	-10.3296647926725
5	158158127	50	67	1.01043141700683	0.149	A>G	2	2	1	-11.1667513576447
5	158523482	56	50	1.01043141700683	0.24	A>G	2	2	1	-10.7047327908083
5	160721320	54	41	1.01043141700683	0.244	G>A	2	2	1	-10.7047327908083
5	161116737	44	41	1.01043141700683	0.22	G>A	2	2	1	-10.3810347220426
5	167627031	54	90	1.01043141700683	0.2	C>T	2	2	1	-10.28628004707
5	168216652	48	70	1.01043141700683	0.186	G>A	2	2	1	-10.3296647926725
5	171303319	46	54	1.01043141700683	0.167	G>A	2	2	1	-10.6097496396389
5	172537592	40	56	1.01043141700683	0.125	C>T	2	2	1	-12.5862902923042
5	176959167	38	85	1.01043141700683	0.106	C>T	2	2	1	-13.2346878767324
5	180219455	72	119	1.01043141700683	0.227	G>A	2	2	1	-10.5151522467981
5	180684401	38	105	1.01043141700683	0.171	A>T	2	2	1	-10.6097496396389
6	401801	62	119	1.40641213832456	0.185	G>A	2	4	1	-10.6847741112706
6	549270	40	111	1.40641213832456	0.378	G>A	2	4	3	-11.111996208116
6	3850212	66	122	1.40641213832456	0.156	T>G	2	4	1	-10.2683966823855
6	4044092	42	150	1.40641213832456	0.307	G>A	2	4	2	-10.503258882555
6	4130528	34	134	1.40641213832456	0.41	G>A	2	4	3	-10.6158161041668
6	7395277	50	183	1.40641213832456	0.153	C>T	2	4	1	-10.1672343498497
6	16285951	66	56	1.40641213832456	0.393	C>T	2	4	3	-10.9051433160484
6	24576807	48	57	1.40641213832456	0.123	G>A	2	4	1	-10.3390950906979
6	25472740	52	143	1.40641213832456	0.448	G>A	2	4	3	-10.5260339362018
6	25915904	50	42	1.40641213832456	0.167	C>T	2	4	1	-10.4420180943847
6	25983668	48	72	1.40641213832456	0.403	C>T	2	4	3	-10.7398687528368
6	26043685	56	157	1.40641213832456	0.121	G>A	2	4	1	-10.3390950906979
6	27292827	34	56	1.40641213832456	0.446	C>T	2	4	3	-10.5260339362018
6	29236314	38	95	1.40641213832456	0.453	C>T	2	4	3	-10.5260339362018
6	30867044	62	58	1.351	0.466	C>T	2	4	3	-10.7662960733113
6	30917689	44	261	1.36394779447473	0.123	G>A	2	4	1	-10.3390950906979
6	30996874	56	232	1.36394779447473	0.306	C>T	2	4	2	-10.503258882555
6	30996950	58	256	1.36394779447473	0.102	G>A	2	4	1	-10.9022894746013
6	31595858	60	126	1.36394779447473	0.397	C>T	2	4	3	-10.7398687528368
6	31743976	56	133	1.36394779447473	0.346	C>T	2	4	2	-11.2656418388711
6	31750362	66	132	1.36394779447473	0.174	C>T	2	4	1	-10.4420180943847
6	31895620	56	58	1.36394779447473	0.103	T>C	2	4	1	-10.9022894746013
6	32017760	62	53	1.36394779447473	0.132	C>T	2	4	1	-10.1979325004676
6	32497986	54	52	1.36394779447473	0.115	G>A	2	4	1	-10.3390950906979
6	32610887	40	42	1.36394779447473	0.214	C>T	2	4	1	-11.799947365463
6	32610893	40	40	1.36394779447473	0.1	C>A	2	4	1	-10.9022894746013
6	33086162	46	83	1.36394779447473	0.145	C>T	2	4	1	-10.1423065782146
6	33264434	64	116	1.36394779447473	0.121	G>A	2	4	1	-10.3390950906979
6	33631221	50	44	1.36394779447473	0.114	C>T	2	4	1	-10.5715999438557
6	34261401	36	79	1.36394779447473	0.354	G>A	2	4	2	-11.2656418388711
6	36724136	58	65	1.36394779447473	0.138	G>A	2	4	1	-10.1423065782146
6	42034055	64	47	1.36394779447473	0.149	C>T	2	4	1	-10.1672343498497
6	42819908	60	84	1.36394779447473	0.202	C>T	2	4	1	-11.3662266956271
6	43222473	54	56	1.36394779447473	0.125	G>A	2	4	1	-10.3390950906979
6	43401119	66	53	1.36394779447473	0.415	C>T	2	4	3	-10.5326681253923
6	43607964	64	102	1.36394779447473	0.157	C>T	2	4	1	-10.2683966823855
6	45880445	40	63	1.36394779447473	0.429	A>T	2	4	3	-10.4901450773873
6	46216655	44	97	1.36394779447473	0.278	G>A	2	4	2	-10.4138253466766
6	46995649	66	54	1.36394779447473	0.167	A>G	2	4	1	-10.4420180943847
6	56507135	30	50	1.13910311900604	0.1	C>T	2	3	1	-12.0349811554772
6	75893006	42	110	0.976681017263007	0.4	C>T	2	2	2	-10.5200890870169
6	79724790	30	61	0.976681017263007	0.311	G>A	2	2	2	-12.5783594308181
6	80774591	48	64	0.976681017263007	0.109	G>C	2	2	1	-13.2544943715029
6	80778675	36	44	0.976681017263007	0.295	C>T	2	2	1	-12.9479470651596
6	96651051	40	67	0.976681017263007	0.373	G>A	2	2	2	-10.8193086710526
6	109770589	56	75	0.976681017263007	0.427	G>A	2	2	2	-10.5921020026281
6	123539764	50	74	0.976681017263007	0.5	C>T	2	2	2	-12.1664636241481
6	128135036	42	47	0.976681017263007	0.426	G>A	2	2	2	-10.5921020026281
6	129204555	54	95	0.976681017263007	0.347	T>C	2	2	2	-11.2302114188048
6	129636653	56	41	0.976681017263007	0.39	C>T	2	2	2	-10.5781181198748
6	132636895	34	53	0.976681017263007	0.472	C>T	2	2	2	-11.2528844429551
6	138197112	36	64	0.976681017263007	0.25	C>T	2	2	1	-10.9680139056766
6	146264605	40	153	0.976681017263007	0.118	G>A	2	2	1	-12.6060967870746
7	12423232	42	86	1.03208866998664	0.233	C>T	2	2	1	-10.53495100662
7	16502213	56	55	1.03208866998664	0.109	C>T	2	2	1	-13.2544866365543
7	18633670	42	56	1.03208866998664	0.161	G>A	2	2	1	-10.8718197187319
7	18767349	56	90	1.03208866998664	0.156	G>A	2	2	1	-10.8718197187319
7	22206723	48	49	1.03208866998664	0.265	C>T	2	2	1	-11.2639467307291
7	22347983	48	87	1.03208866998664	0.207	G>A	2	2	1	-10.3239067454573
7	22533422	50	74	1.03208866998664	0.176	T>A	2	2	1	-10.4564116850763
7	22533423	50	74	1.03208866998664	0.176	T>A	2	2	1	-10.4564116850763
7	26685948	58	66	1.03208866998664	0.136	T>C	2	2	1	-11.5775150771019
7	27195929	68	68	1.03208866998664	0.221	T>C	2	2	1	-10.4008334818645
7	27788189	44	127	1.03208866998664	0.102	C>A	2	2	1	-14.0010688985703
7	44121795	50	113	1.03208866998664	0.195	G>A	2	2	1	-10.3060788068919
7	46728937	44	48	1.03208866998664	0.104	T>C	2	2	1	-14.0010688985703
7	48567952	36	74	1.03208866998664	0.176	G>A	2	2	1	-10.4564116850763
7	55003017	32	59	1.03208866998664	0.136	G>A	2	2	1	-11.5775150771019
7	56123937	36	56	1.03208866998664	0.214	T>C	2	2	1	-10.3239067454573
7	57233558	42	54	1.03208866998664	0.148	A>G	2	2	1	-11.1865501174666
7	63506143	64	49	0.824	0.122	C>T	2	1	1	-15.8935156716211
7	74015443	56	65	1.00953742700701	0.154	C>T	2	2	1	-11.1667513576447
7	81714051	40	66	1.00953742700701	0.273	G>A	2	2	1	-11.5912518792233
7	82586251	34	47	1.00953742700701	0.298	C>T	2	2	1	-12.9281405703891
7	86539163	42	94	1.00953742700701	0.191	G>A	2	2	1	-10.3296647926725
7	87196305	40	61	1.00953742700701	0.131	A>T	2	2	1	-12.0292349708034
7	87810822	36	51	1.00953742700701	0.216	C>T	2	2	1	-10.3810347220426
7	92131214	44	58	1.00953742700701	0.172	G>A	2	2	1	-10.6097496396389
7	92730895	46	121	1.00953742700701	0.14	G>A	2	2	1	-11.55771631728
7	92731247	42	55	1.00953742700701	0.255	G>A	2	2	1	-11.2441479709072
7	96650099	70	43	1.00953742700701	0.186	C>T	2	2	1	-10.3296647926725
7	99158200	52	48	1.00953742700701	0.229	C>T	2	2	1	-10.5151522467981
7	100171854	72	46	1.00953742700701	0.196	C>T	2	2	1	-10.28628004707
7	100281160	52	123	1.00953742700701	0.106	G>A	2	2	1	-13.2346878767324
7	100365562	62	62	1.00953742700701	0.129	C>T	2	2	1	-12.0292349708034
7	100551774	48	64	1.00953742700701	0.109	G>A	2	2	1	-13.2346878767324
7	100683612	50	137	1.00953742700701	0.226	C>T	2	2	1	-10.5151522467981
7	101265372	60	56	1.00953742700701	0.161	T>C	2	2	1	-10.85202095891
7	107384724	52	52	1.00953742700701	0.25	T>C	2	2	1	-10.9482074109061
7	120373013	52	77	1.00953742700701	0.182	C>T	2	2	1	-10.4366129252544
7	128478688	68	44	1.00953742700701	0.227	C>T	2	2	1	-10.5151522467981
7	129664320	46	52	1.00953742700701	0.173	G>A	2	2	1	-10.6097496396389
7	129999462	66	77	1.00953742700701	0.247	G>A	2	2	1	-10.9482074109061
7	140125863	66	70	1.00953742700701	0.214	G>A	2	2	1	-10.3041079856354
7	141836445	42	52	1.00953742700701	0.154	G>A	2	2	1	-11.1667513576447
7	142032566	44	70	1.00953742700701	0.186	G>A	2	2	1	-10.3296647926725
7	142224136	38	59	1.00953742700701	0.136	G>A	2	2	1	-11.55771631728
7	142612051	52	66	1.00953742700701	0.121	C>T	2	2	1	-12.5862902923042
7	142627127	48	61	1.00953742700701	0.131	C>T	2	2	1	-12.0292349708034
7	143047602	60	81	1.00953742700701	0.173	G>A	2	2	1	-10.6097496396389
7	146829589	40	48	1.00953742700701	0.146	G>A	2	2	1	-11.1667513576447
7	147092827	50	57	1.00953742700701	0.123	G>A	2	2	1	-12.5862902923042
7	149482147	60	43	1.00953742700701	0.302	C>T	2	2	1	-12.9281405703891
7	149523277	64	46	1.00953742700701	0.13	G>A	2	2	1	-12.0292349708034
7	150417582	64	104	1.00953742700701	0.125	G>A	2	2	1	-12.5862902923042
7	150767917	60	60	1.00953742700701	0.267	C>T	2	2	1	-11.5912518792233
7	151860164	40	75	1.00953742700701	0.213	T>C	2	2	1	-10.3041079856354
7	152550549	56	45	1.00953742700701	0.644	T>G	2	2	2	-21.1745325314357
7	154989027	54	41	1.00953742700701	0.195	C>T	2	2	1	-10.28628004707
8	6478986	56	66	0.815126872927078	0.106	T>C	2	1	1	-16.8401328338038
8	10466083	68	68	1.00606887883151	0.118	C>T	2	2	1	-12.5862902923042
8	10480506	64	43	1.00606887883151	0.116	G>A	2	2	1	-12.5862902923042
8	12888655	60	56	1.00606887883151	0.214	G>A	2	2	1	-10.3041079856354
8	15601117	40	71	1.00606887883151	0.127	A>G	2	2	1	-12.0292349708034
8	22033656	60	51	1.00606887883151	0.157	T>C	2	2	1	-10.85202095891
8	22442311	56	57	1.00606887883151	0.158	C>T	2	2	1	-10.85202095891
8	22884720	60	52	1.00606887883151	0.192	C>T	2	2	1	-10.3296647926725
8	24197137	48	57	1.00606887883151	0.158	C>T	2	2	1	-10.85202095891
8	27301717	60	48	1.00606887883151	0.167	C>T	2	2	1	-10.6097496396389
8	27634178	28	70	1.00606887883151	0.186	C>T	2	2	1	-10.3296647926725
8	27888827	44	69	1.00606887883151	0.246	A>C	2	2	1	-10.9482074109061
8	28956635	34	44	1.00606887883151	0.25	G>A	2	2	1	-10.9482074109061
8	30694587	48	69	1.00606887883151	0.13	T>A	2	2	1	-12.0292349708034
8	37686363	70	77	1.00606887883151	0.156	C>T	2	2	1	-10.85202095891
8	41507758	72	85	1.00606887883151	0.141	G>A	2	2	1	-11.55771631728
8	41554043	72	116	1.00606887883151	0.172	C>T	2	2	1	-10.6097496396389
8	54147323	46	86	1.00605768602678	0.163	C>G	2	2	1	-10.85202095891
8	55539605	44	44	1.00605768602678	0.205	G>A	2	2	1	-10.28628004707
8	55542278	26	59	1.00605768602678	0.237	T>A	2	2	1	-10.7047327908083
8	59490760	36	101	1.00605768602678	0.119	C>T	2	2	1	-12.5862902923042
8	61769342	58	46	1.00605768602678	0.174	C>T	2	2	1	-10.6097496396389
8	70771665	32	42	1.00605768602678	0.19	C>T	2	2	1	-10.3296647926725
8	72111721	52	45	1.00605768602678	0.111	G>A	2	2	1	-13.2346878767324
8	73848964	44	52	1.00605768602678	0.212	C>T	2	2	1	-10.3041079856354
8	75757367	42	61	1.00605768602678	0.131	C>T	2	2	1	-12.0292349708034
8	82644988	48	67	1.00605768602678	0.194	C>T	2	2	1	-10.3296647926725
8	87235216	42	75	1.00605768602678	0.173	C>T	2	2	1	-10.6097496396389
8	90782037	44	69	1.00605768602678	0.13	C>T	2	2	1	-12.0292349708034
8	92982872	46	46	1.00605768602678	0.174	C>T	2	2	1	-10.6097496396389
8	100833593	38	66	1.00605768602678	0.121	C>T	2	2	1	-12.5862902923042
8	106258590	44	88	1.00605768602678	0.17	G>A	2	2	1	-10.6097496396389
8	109796842	44	90	1.00605768602678	0.211	A>G	2	2	1	-10.3041079856354
8	110503243	42	86	1.00605768602678	0.244	C>T	2	2	1	-10.7047327908083
8	110984668	56	43	1.00605768602678	0.14	G>A	2	2	1	-11.55771631728
8	128428992	56	64	1.00605768602678	0.125	G>A	2	2	1	-12.5862902923042
8	130763790	50	58	1.00605768602678	0.155	T>C	2	2	1	-10.85202095891
8	139618685	56	62	1.00605768602678	0.242	C>T	2	2	1	-10.7047327908083
8	139631803	46	41	1.00605768602678	0.171	C>T	2	2	1	-10.6097496396389
8	139729228	46	47	1.00605768602678	0.106	C>T	2	2	1	-13.2346878767324
8	141744840	50	70	1.00605768602678	0.243	G>A	2	2	1	-10.7047327908083
8	143866856	62	106	1.00605768602678	0.104	C>T	2	2	1	-13.9812701387484
8	144621313	56	118	1.00605768602678	0.169	G>A	2	2	1	-10.6097496396389
9	990672	72	106	0.973322336756776	0.189	C>T	2	2	1	-10.3494712874429
9	6602041	38	49	0.973322336756776	0.184	G>A	2	2	1	-10.4564194200248
9	18681821	56	52	0.973322336756776	0.135	G>A	2	2	1	-11.5775228120505
9	23762156	44	113	0.973322336756776	0.15	G>A	2	2	1	-11.1865578524151
9	34343088	44	45	0.973322336756776	0.111	C>T	2	2	1	-13.2544943715029
9	35092254	68	117	0.973322336756776	0.154	G>A	2	2	1	-11.1865578524151
9	35808334	48	40	0.973322336756776	0.1	C>G	2	2	1	-14.0010766335188
9	37441209	56	55	0.973322336756776	0.164	A>G	2	2	1	-10.8718274536805
9	44175125	50	61	0.973322336756776	0.18	G>A	2	2	1	-10.4564194200248
9	71628386	58	73	0.99596698213107	0.164	G>A	2	2	1	-10.85202095891
9	71628928	52	93	0.99596698213107	0.194	G>A	2	2	1	-10.3296647926725
9	72349085	38	121	1.01009828264981	0.215	G>A	2	2	1	-10.3810347220426
9	72501731	30	50	1.01009828264981	0.16	C>T	2	2	1	-10.85202095891
9	75555071	48	119	1.01009828264981	0.202	C>T	2	2	1	-10.28628004707
9	78796453	46	87	1.01009828264981	0.195	G>A	2	2	1	-10.28628004707
9	79244101	44	69	1.01009828264981	0.159	G>A	2	2	1	-10.85202095891
9	79954741	44	62	1.01009828264981	0.226	G>A	2	2	1	-10.5151522467981
9	85622385	38	44	1.01009828264981	0.159	C>T	2	2	1	-10.85202095891
9	94939917	48	88	1.01009828264981	0.102	G>A	2	2	1	-13.9812701387484
9	95796848	60	73	1.01009828264981	0.11	C>T	2	2	1	-13.2346878767324
9	97885832	46	134	1.01009828264981	0.149	T>C	2	2	1	-11.1667513576447
9	98231109	66	40	1.01009828264981	0.15	G>A	2	2	1	-11.1667513576447
9	99012105	40	59	1.01009828264981	0.102	G>A	2	2	1	-13.9812701387484
9	104086343	52	60	1.01009828264981	0.183	G>A	2	2	1	-10.4366129252544
9	107548691	38	70	1.01009828264981	0.171	G>A	2	2	1	-10.6097496396389
9	111732704	44	111	1.01009828264981	0.171	G>A	2	2	1	-10.6097496396389
9	113168951	38	54	1.01009828264981	0.111	G>A	2	2	1	-13.2346878767324
9	113431136	40	44	1.01009828264981	0.182	C>T	2	2	1	-10.4366129252544
9	114090279	64	57	1.01009828264981	0.105	G>A	2	2	1	-13.9812701387484
9	114490006	26	40	1.01009828264981	0.2	C>T	2	2	1	-10.28628004707
9	114865545	42	44	1.01009828264981	0.205	G>A	2	2	1	-10.28628004707
9	117815052	58	45	1.01009828264981	0.311	G>A	2	2	2	-12.5585529360476
9	117826194	66	46	1.01009828264981	0.196	G>A	2	2	1	-10.28628004707
9	120475859	42	80	1.01009828264981	0.175	G>A	2	2	1	-10.4366129252544
9	123301331	38	112	1.01009828264981	0.17	G>A	2	2	1	-10.6097496396389
9	125437507	40	40	1.01009828264981	0.25	C>T	2	2	1	-10.9482074109061
9	125551345	60	63	1.01009828264981	0.127	G>A	2	2	1	-12.0292349708034
9	127220952	62	57	1.01009828264981	0.105	C>T	2	2	1	-13.9812701387484
9	131708707	52	82	1.01009828264981	0.244	G>A	2	2	1	-10.7047327908083
9	133305035	70	45	1.01009828264981	0.267	G>A	2	2	1	-11.5912518792233
9	133924556	50	65	1.01009828264981	0.108	C>T	2	2	1	-13.2346878767324
9	137622254	70	60	1.01009828264981	0.167	A>T	2	2	1	-10.6097496396389
9	137622278	70	62	1.01009828264981	0.177	C>T	2	2	1	-10.4366129252544
9	139929465	70	91	1.01009828264981	0.11	G>A	2	2	1	-13.2346878767324
9	139973631	82	57	1.01009828264981	0.281	C>T	2	2	1	-11.988329083766
9	140245609	70	45	1.01009828264981	0.178	G>A	2	2	1	-10.4366129252544
10	5246441	40	108	1.01460107803275	0.204	C>T	2	2	1	-10.28628004707
10	9449962	58	66	1.01460107803275	0.167	C>T	2	2	1	-10.6097496396389
10	17199589	32	54	1.01460107803275	0.111	A>T	2	2	1	-13.2346878767324
10	25464621	62	125	1.01460107803275	0.16	C>A	2	2	1	-10.85202095891
10	34649122	42	111	1.01460107803275	0.126	G>A	2	2	1	-12.0292349708034
10	37422971	32	46	1.01460107803275	0.217	G>A	2	2	1	-10.3810347220426
10	44793355	32	46	0.994494876832429	0.109	A>G	2	2	1	-13.2346878767324
10	50916542	46	45	0.994494876832429	0.133	T>C	2	2	1	-12.0292349708034
10	55583490	46	57	0.994494876832429	0.14	C>T	2	2	1	-11.55771631728
10	55590913	34	56	0.994494876832429	0.143	C>T	2	2	1	-11.55771631728
10	61443896	54	74	0.994494876832429	0.162	C>T	2	2	1	-10.85202095891
10	62552026	42	91	0.994494876832429	0.176	A>T	2	2	1	-10.4366129252544
10	65379472	42	60	0.994494876832429	0.183	C>T	2	2	1	-10.4366129252544
10	68526136	46	66	0.994494876832429	0.106	G>A	2	2	1	-13.2346878767324
10	81373734	58	46	0.994494876832429	0.196	C>T	2	2	1	-10.28628004707
10	81373735	58	45	0.994494876832429	0.2	C>T	2	2	1	-10.28628004707
10	81373764	64	50	0.994494876832429	0.12	G>A	2	2	1	-12.5862902923042
10	94230074	56	67	0.994494876832429	0.179	G>A	2	2	1	-10.4366129252544
10	95719358	50	90	0.994494876832429	0.189	C>T	2	2	1	-10.3296647926725
10	97976460	40	48	0.994494876832429	0.125	C>T	2	2	1	-12.5862902923042
10	98718164	42	46	0.994494876832429	0.109	T>C	2	2	1	-13.2346878767324
10	99052462	54	190	0.994494876832429	0.179	C>T	2	2	1	-10.4366129252544
10	99126645	58	139	0.994494876832429	0.144	C>T	2	2	1	-11.55771631728
10	99422637	34	153	0.994494876832429	0.222	C>T	2	2	1	-10.3810347220426
10	102796491	68	189	0.994494876832429	0.185	C>T	2	2	1	-10.4366129252544
10	104638537	42	40	0.994494876832429	0.275	C>T	2	2	1	-11.988329083766
10	105139627	32	48	0.994494876832429	0.104	T>C	2	2	1	-13.9812701387484
10	106927135	44	54	0.994494876832429	0.167	G>A	2	2	1	-10.6097496396389
10	113915800	50	41	0.994494876832429	0.22	G>A	2	2	1	-10.3810347220426
10	114164397	30	52	0.994494876832429	0.154	G>A	2	2	1	-11.1667513576447
10	116061228	52	130	0.994494876832429	0.1	G>A	2	2	1	-13.9812701387484
10	118314927	48	45	0.994494876832429	0.156	A>C	2	2	1	-10.85202095891
10	122348791	38	52	0.994494876832429	0.231	C>T	2	2	1	-10.5151522467981
10	128191368	32	42	0.994494876832429	0.143	C>T	2	2	1	-11.55771631728
10	128904446	36	56	0.994494876832429	0.125	C>A	2	2	1	-12.5862902923042
10	135016157	72	49	0.994494876832429	0.122	C>T	2	2	1	-12.5862902923042
10	135016175	72	45	0.994494876832429	0.111	G>T	2	2	1	-13.2346878767324
10	135170399	64	51	0.994494876832429	0.137	G>A	2	2	1	-11.55771631728
10	135439057	40	98	1.173	0.143	G>A	2	3	1	-10.4814330017574
11	233210	62	62	1.03096501292538	0.194	G>A	2	2	1	-10.3494635524944
11	2356898	54	130	1.03096501292538	0.108	T>A	2	2	1	-13.2544866365543
11	4567053	48	50	1.03096501292538	0.1	C>T	2	2	1	-14.0010688985703
11	5142653	36	67	1.03096501292538	0.119	G>A	2	2	1	-12.6060890521261
11	5424125	36	42	1.03096501292538	0.119	A>G	2	2	1	-12.6060890521261
11	6652626	64	95	1.03096501292538	0.105	C>T	2	2	1	-14.0010688985703
11	7871096	36	84	1.03096501292538	0.119	C>T	2	2	1	-12.6060890521261
11	8148267	36	91	1.03096501292538	0.132	G>A	2	2	1	-12.0490337306253
11	8486289	34	47	1.03096501292538	0.17	C>T	2	2	1	-10.6295483994608
11	14490357	44	90	1.03096501292538	0.111	G>A	2	2	1	-13.2544866365543
11	17518355	60	48	1.03096501292538	0.125	C>T	2	2	1	-12.6060890521261
11	17544982	54	40	1.03096501292538	0.1	T>C	2	2	1	-14.0010688985703
11	17596365	60	55	1.03096501292538	0.145	G>A	2	2	1	-11.5775150771019
11	17596366	60	54	1.03096501292538	0.148	G>A	2	2	1	-11.1865501174666
11	18460085	36	57	1.03096501292538	0.211	G>A	2	2	1	-10.3239067454573
11	22297710	44	41	1.03096501292538	0.171	C>T	2	2	1	-10.6295483994608
11	30944127	42	56	1.03096501292538	0.161	T>C	2	2	1	-10.8718197187319
11	33796032	66	46	1.03096501292538	0.13	C>T	2	2	1	-12.0490337306253
11	34482812	56	47	1.03096501292538	0.128	C>T	2	2	1	-12.0490337306253
11	34515047	56	42	1.03096501292538	0.119	G>A	2	2	1	-12.6060890521261
11	36597318	44	62	1.03096501292538	0.242	C>T	2	2	1	-10.7245315506302
11	55371507	42	63	0.999	0.175	G>A	2	2	1	-10.4366129252544
11	55587667	48	86	1.037	0.267	C>T	2	2	1	-11.6110506390452
11	55798413	42	77	1.014	0.182	C>T	2	2	1	-10.4366129252544
11	55890382	36	152	0.947	0.184	C>T	2	2	1	-10.4564194200248
11	57505776	40	111	1.01017005515487	0.18	C>T	2	2	1	-10.4366129252544
11	58034973	54	41	1.01017005515487	0.122	G>A	2	2	1	-12.5862902923042
11	58170731	38	64	1.01017005515487	0.109	G>A	2	2	1	-13.2346878767324
11	59706015	36	48	1.01017005515487	0.271	C>T	2	2	1	-11.5912518792233
11	59992526	38	85	1.01017005515487	0.259	C>T	2	2	1	-11.2441479709072
11	61109371	64	54	1.01017005515487	0.13	G>T	2	2	1	-12.0292349708034
11	61615731	56	73	1.01017005515487	0.233	T>C	2	2	1	-10.5151522467981
11	64457944	68	55	1.01017005515487	0.164	C>T	2	2	1	-10.85202095891
11	64519073	56	54	1.01017005515487	0.13	C>T	2	2	1	-12.0292349708034
11	64559898	54	57	1.01017005515487	0.123	C>T	2	2	1	-12.5862902923042
11	65266493	48	58	1.01017005515487	0.224	A>G	2	2	1	-10.3810347220426
11	65359455	62	126	1.01017005515487	0.135	A>T	2	2	1	-11.55771631728
11	65713146	62	50	1.01017005515487	0.1	G>A	2	2	1	-13.9812701387484
11	65998261	62	72	1.01017005515487	0.153	C>T	2	2	1	-11.1667513576447
11	65998262	62	72	1.01017005515487	0.167	C>T	2	2	1	-10.6097496396389
11	66033923	56	103	1.01017005515487	0.107	C>T	2	2	1	-13.2346878767324
11	66392462	64	42	1.01017005515487	0.143	C>T	2	2	1	-11.55771631728
11	67075355	54	62	1.01017005515487	0.161	C>T	2	2	1	-10.85202095891
11	67173087	66	175	1.01017005515487	0.109	G>A	2	2	1	-13.2346878767324
11	72326043	62	47	1.01017005515487	0.191	C>T	2	2	1	-10.3296647926725
11	76430777	56	46	1.01017005515487	0.109	G>A	2	2	1	-13.2346878767324
11	76827274	64	51	1.01017005515487	0.196	C>T	2	2	1	-10.28628004707
11	76892578	56	44	1.01017005515487	0.114	C>T	2	2	1	-13.2346878767324
11	82879718	48	110	1.01017005515487	0.218	G>A	2	2	1	-10.3810347220426
11	85342771	46	78	1.01017005515487	0.218	C>T	2	2	1	-10.3810347220426
11	89424165	54	70	1.01017005515487	0.2	G>A	2	2	1	-10.28628004707
11	108032395	34	49	1.01017005515487	0.163	T>A	2	2	1	-10.85202095891
11	117090319	60	63	1.01017005515487	0.175	G>A	2	2	1	-10.4366129252544
11	117403279	54	48	1.01017005515487	0.229	C>T	2	2	1	-10.5151522467981
11	121000266	48	47	1.01017005515487	0.191	C>A	2	2	1	-10.3296647926725
11	122931311	44	166	1.01017005515487	0.217	T>A	2	2	1	-10.3810347220426
11	123777736	40	40	1.01017005515487	0.125	C>T	2	2	1	-12.5862902923042
11	123814282	52	57	1.01017005515487	0.228	C>T	2	2	1	-10.5151522467981
11	126315024	60	73	1.01017005515487	0.11	T>C	2	2	1	-13.2346878767324
11	129753942	60	69	1.01017005515487	0.174	G>A	2	2	1	-10.6097496396389
11	134212775	60	52	1.01017005515487	0.192	C>T	2	2	1	-10.3296647926725
12	1943807	70	64	0.979532944433199	0.266	G>A	2	2	1	-11.6110583739937
12	6092456	40	41	0.979532944433199	0.171	C>T	2	2	1	-10.6295561344093
12	6182899	60	66	0.979532944433199	0.106	A>C	2	2	1	-13.2544943715029
12	6953031	54	58	0.979532944433199	0.138	C>T	2	2	1	-11.5775228120505
12	7647701	50	86	0.979532944433199	0.198	C>T	2	2	1	-10.3060865418404
12	7945757	54	65	0.979532944433199	0.138	T>C	2	2	1	-11.5775228120505
12	8289480	46	79	0.979532944433199	0.114	C>T	2	2	1	-13.2544943715029
12	8629941	42	71	0.979532944433199	0.113	C>T	2	2	1	-13.2544943715029
12	11174277	46	106	0.979532944433199	0.255	T>C	2	2	1	-11.2639544656777
12	30872128	58	57	0.979532944433199	0.175	G>A	2	2	1	-10.4564194200248
12	41330611	48	41	0.981724535823903	0.122	T>C	2	2	1	-12.5862902923042
12	46244970	54	117	0.981724535823903	0.128	C>T	2	2	1	-12.0292349708034
12	47178845	32	40	0.981724535823903	0.125	G>A	2	2	1	-12.5862902923042
12	48360947	46	67	0.981724535823903	0.149	T>A	2	2	1	-11.1667513576447
12	48388196	64	50	0.981724535823903	0.14	G>A	2	2	1	-11.55771631728
12	50470807	54	107	0.981724535823903	0.15	C>T	2	2	1	-11.1667513576447
12	53189447	68	78	0.981724535823903	0.103	C>T	2	2	1	-13.9812701387484
12	54686182	66	51	0.981724535823903	0.176	C>T	2	2	1	-10.4366129252544
12	55945195	52	141	0.981724535823903	0.128	G>A	2	2	1	-12.0292349708034
12	56109838	66	61	0.981724535823903	0.18	G>A	2	2	1	-10.4366129252544
12	56646861	52	63	0.981724535823903	0.19	G>A	2	2	1	-10.3296647926725
12	57397877	50	76	0.981724535823903	0.158	G>A	2	2	1	-10.85202095891
12	57957214	34	101	0.981724535823903	0.129	C>T	2	2	1	-12.0292349708034
12	58089713	48	58	0.981724535823903	0.172	G>A	2	2	1	-10.6097496396389
12	65268959	54	72	0.981724535823903	0.25	G>A	2	2	1	-10.9482074109061
12	65564126	60	111	0.981724535823903	0.198	C>T	2	2	1	-10.28628004707
12	68646597	50	56	0.981724535823903	0.179	C>T	2	2	1	-10.4366129252544
12	70330173	38	61	0.981724535823903	0.148	G>A	2	2	1	-11.1667513576447
12	70946687	38	70	0.981724535823903	0.114	C>T	2	2	1	-13.2346878767324
12	75444658	52	70	0.981724535823903	0.1	C>T	2	2	1	-13.9812701387484
12	89984945	44	50	0.981724535823903	0.22	G>A	2	2	1	-10.3810347220426
12	95922672	42	43	0.981724535823903	0.233	G>A	2	2	1	-10.5151522467981
12	96356145	50	40	0.981724535823903	0.2	C>T	2	2	1	-10.28628004707
12	101018129	38	126	0.981724535823903	0.206	C>T	2	2	1	-10.3041079856354
12	101560403	40	50	0.981724535823903	0.12	T>G	2	2	1	-12.5862902923042
12	101576639	42	64	0.981724535823903	0.109	G>A	2	2	1	-13.2346878767324
12	113307725	70	40	0.981724535823903	0.3	G>A	2	2	1	-12.9281405703891
12	114804098	52	46	0.981724535823903	0.109	G>A	2	2	1	-13.2346878767324
12	117993099	54	45	0.981724535823903	0.111	C>T	2	2	1	-13.2346878767324
12	119871321	44	45	0.981724535823903	0.178	G>A	2	2	1	-10.4366129252544
12	123444321	76	77	0.981724535823903	0.13	C>T	2	2	1	-12.0292349708034
13	23909212	32	50	1.00054963080905	0.16	G>A	2	2	1	-10.85202095891
13	29674969	60	118	1.00054963080905	0.169	C>T	2	2	1	-10.6097496396389
13	31736213	76	166	1.00054963080905	0.12	G>A	2	2	1	-12.5862902923042
13	36379876	44	61	1.00054963080905	0.262	C>T	2	2	1	-11.2441479709072
13	36788623	58	78	1.00054963080905	0.167	G>A	2	2	1	-10.6097496396389
13	39358858	54	54	1.00054963080905	0.204	C>T	2	2	1	-10.28628004707
13	39358905	48	59	1.00054963080905	0.22	C>T	2	2	1	-10.3810347220426
13	46108854	50	55	1.00054963080905	0.127	A>G	2	2	1	-12.0292349708034
13	76430811	56	44	1.00054963080905	0.182	C>T	2	2	1	-10.4366129252544
13	76447818	52	64	1.00054963080905	0.219	C>T	2	2	1	-10.3810347220426
13	92101101	36	70	1.00054963080905	0.186	G>A	2	2	1	-10.3296647926725
13	93879726	56	48	1.00054963080905	0.125	G>A	2	2	1	-12.5862902923042
14	20470507	40	106	1.01144438711184	0.179	C>T	2	2	1	-10.4366129252544
14	20665802	46	47	1.01144438711184	0.106	A>G	2	2	1	-13.2346878767324
14	20666134	44	109	1.01144438711184	0.156	C>T	2	2	1	-10.85202095891
14	20903278	62	90	1.01144438711184	0.111	G>A	2	2	1	-13.2346878767324
14	21802877	36	48	1.01144438711184	0.333	G>A	2	2	2	-11.7951129449433
14	23282449	52	57	1.01144438711184	0.105	T>C	2	2	1	-13.9812701387484
14	24675713	48	50	1.01144438711184	0.12	A>C	2	2	1	-12.5862902923042
14	24877975	44	98	1.01144438711184	0.102	C>T	2	2	1	-13.9812701387484
14	29237499	62	162	1.01144438711184	0.216	C>T	2	2	1	-10.3810347220426
14	33290696	46	87	1.01144438711184	0.126	A>G	2	2	1	-12.0292349708034
14	38183989	52	68	1.01144438711184	0.103	C>T	2	2	1	-13.9812701387484
14	38724280	62	61	1.01144438711184	0.148	C>T	2	2	1	-11.1667513576447
14	42356840	40	92	1.01144438711184	0.12	G>A	2	2	1	-12.5862902923042
14	50146487	50	94	1.01144438711184	0.138	C>T	2	2	1	-11.55771631728
14	50971512	38	60	1.01144438711184	0.2	A>G	2	2	1	-10.28628004707
14	58666942	56	83	1.01144438711184	0.169	C>T	2	2	1	-10.6097496396389
14	60976293	62	113	1.01144438711184	0.257	C>T	2	2	1	-11.2441479709072
14	65198192	50	56	1.01144438711184	0.196	C>T	2	2	1	-10.28628004707
14	65208500	54	93	1.01144438711184	0.129	C>T	2	2	1	-12.0292349708034
14	65241295	64	55	1.01144438711184	0.236	C>T	2	2	1	-10.7047327908083
14	76232652	38	59	1.01144438711184	0.186	T>A	2	2	1	-10.3296647926725
14	77275896	64	50	1.01144438711184	0.16	G>A	2	2	1	-10.85202095891
14	90650635	72	43	1.01144438711184	0.186	C>T	2	2	1	-10.3296647926725
14	93407101	62	71	1.01144438711184	0.197	A>G	2	2	1	-10.28628004707
14	94700961	40	43	1.01144438711184	0.209	G>A	2	2	1	-10.3041079856354
14	95108218	54	58	1.01144438711184	0.138	G>A	2	2	1	-11.55771631728
14	96783612	44	56	1.01144438711184	0.161	G>A	2	2	1	-10.85202095891
14	101349800	64	73	1.01144438711184	0.137	G>A	2	2	1	-11.55771631728
14	102494085	56	103	1.01144438711184	0.107	C>T	2	2	1	-13.2346878767324
14	102963348	68	121	1.01144438711184	0.215	C>T	2	2	1	-10.3810347220426
14	103447337	52	49	1.01144438711184	0.224	G>A	2	2	1	-10.3810347220426
14	105414238	68	47	1.01144438711184	0.128	A>C	2	2	1	-12.0292349708034
14	105414252	66	52	1.01144438711184	0.115	T>C	2	2	1	-12.5862902923042
14	107131083	50	101	1.01144438711184	0.149	G>A	2	2	1	-11.1667513576447
15	23890878	74	47	0.99217732036882	0.234	G>A	2	2	1	-10.5151522467981
15	25959363	54	90	0.99217732036882	0.233	G>A	2	2	1	-10.5151522467981
15	28519425	56	66	0.99217732036882	0.212	G>A	2	2	1	-10.3041079856354
15	33022958	62	56	0.99217732036882	0.161	G>A	2	2	1	-10.85202095891
15	34649676	56	142	0.99217732036882	0.204	G>A	2	2	1	-10.28628004707
15	39884908	54	114	0.99217732036882	0.219	G>A	2	2	1	-10.3810347220426
15	40659986	62	86	0.99217732036882	0.116	A>T	2	2	1	-12.5862902923042
15	42377445	60	59	0.99217732036882	0.136	C>T	2	2	1	-11.55771631728
15	50212512	42	65	0.99217732036882	0.108	C>T	2	2	1	-13.2346878767324
15	50264894	48	84	0.99217732036882	0.119	C>T	2	2	1	-12.5862902923042
15	50757295	38	60	0.99217732036882	0.167	G>C	2	2	1	-10.6097496396389
15	50757296	38	60	0.99217732036882	0.167	C>T	2	2	1	-10.6097496396389
15	57731424	46	173	0.99217732036882	0.116	G>A	2	2	1	-12.5862902923042
15	59911352	40	92	0.99217732036882	0.163	C>T	2	2	1	-10.85202095891
15	60656777	40	58	0.99217732036882	0.172	T>C	2	2	1	-10.6097496396389
15	64792109	50	51	0.99217732036882	0.157	C>T	2	2	1	-10.85202095891
15	65489119	66	62	0.99217732036882	0.194	C>T	2	2	1	-10.3296647926725
15	68612563	54	94	0.99217732036882	0.149	G>A	2	2	1	-11.1667513576447
15	69677070	48	90	0.99217732036882	0.144	C>A	2	2	1	-11.55771631728
15	71143901	40	45	0.99217732036882	0.178	G>A	2	2	1	-10.4366129252544
15	72968587	58	68	0.99217732036882	0.25	G>A	2	2	1	-10.9482074109061
15	73076193	84	66	0.99217732036882	0.212	G>A	2	2	1	-10.3041079856354
15	73635748	46	70	0.99217732036882	0.243	C>T	2	2	1	-10.7047327908083
15	75499029	56	102	0.99217732036882	0.127	C>T	2	2	1	-12.0292349708034
15	75722612	66	56	0.99217732036882	0.143	G>A	2	2	1	-11.55771631728
15	77057996	44	40	0.99217732036882	0.15	G>A	2	2	1	-11.1667513576447
15	77471664	58	53	0.99217732036882	0.17	G>A	2	2	1	-10.6097496396389
15	78390312	56	237	0.99217732036882	0.16	G>A	2	2	1	-10.85202095891
15	78780688	28	44	0.99217732036882	0.114	C>T	2	2	1	-13.2346878767324
15	79586510	56	75	0.99217732036882	0.227	C>T	2	2	1	-10.5151522467981
15	79748942	58	104	0.99217732036882	0.163	C>T	2	2	1	-10.85202095891
15	90246336	42	51	0.99217732036882	0.118	G>A	2	2	1	-12.5862902923042
15	92647627	62	101	0.99217732036882	0.119	C>T	2	2	1	-12.5862902923042
15	94983562	42	41	0.99217732036882	0.146	C>T	2	2	1	-11.1667513576447
15	102192516	70	310	1.11	0.194	C>T	2	3	1	-10.4480942883515
15	102389699	32	70	0.938	0.243	C>T	2	2	1	-10.7839665735239
16	449394	64	109	1.03174952517076	0.165	C>T	2	2	1	-10.8718197187319
16	569034	60	50	1.03174952517076	0.24	C>T	2	2	1	-10.7245315506302
16	4242835	50	72	1.03174952517076	0.181	T>C	2	2	1	-10.4564116850763
16	4401333	66	40	1.03174952517076	0.2	G>A	2	2	1	-10.3060788068919
16	4934227	74	80	1.03174952517076	0.188	C>G	2	2	1	-10.3494635524944
16	8891515	66	190	1.03174952517076	0.168	G>A	2	2	1	-10.6295483994608
16	14951014	58	77	1.03174952517076	0.169	C>T	2	2	1	-10.6295483994608
16	20476892	56	75	1.03174952517076	0.133	G>A	2	2	1	-12.0490337306253
16	20673041	38	73	1.03174952517076	0.137	G>A	2	2	1	-11.5775150771019
16	20839809	42	118	1.03174952517076	0.169	A>G	2	2	1	-10.6295483994608
16	27481516	56	41	1.03174952517076	0.146	G>A	2	2	1	-11.1865501174666
16	30492873	38	96	1.03174952517076	0.104	G>A	2	2	1	-14.0010688985703
16	30744919	44	75	1.03174952517076	0.147	C>T	2	2	1	-11.1865501174666
16	30978850	50	116	1.03174952517076	0.112	C>T	2	2	1	-13.2544866365543
16	31374535	64	49	1.03174952517076	0.102	G>C	2	2	1	-14.0010688985703
16	31501555	66	41	1.03174952517076	0.195	G>A	2	2	1	-10.3060788068919
16	31613343	38	69	1.03174952517076	0.159	C>T	2	2	1	-10.8718197187319
16	31614737	40	59	1.03174952517076	0.153	C>T	2	2	1	-11.1865501174666
16	46534234	34	50	0.848	0.12	C>T	2	1	1	-15.9442331797312
16	56924209	56	50	0.926014424300316	0.1	G>A	2	2	1	-14.0605039214639
16	57765146	62	69	0.926014424300316	0.145	G>A	2	2	1	-11.6369500999956
16	66503704	70	60	0.926014424300316	0.15	C>T	2	2	1	-11.2459851403602
16	70191011	58	40	0.926014424300316	0.15	C>T	2	2	1	-11.2459851403602
16	72984872	58	42	0.926014424300316	0.167	G>A	2	2	1	-10.6889834223544
16	75203951	48	70	0.926014424300316	0.1	C>T	2	2	1	-14.0605039214639
16	77359919	40	56	0.926014424300316	0.107	A>T	2	2	1	-13.313921659448
17	169185	70	45	0.899912602361663	0.2	A>C	2	1	1	-11.3490391644598
17	2929674	58	47	0.899912602361663	0.106	C>T	2	1	1	-16.9814231939133
17	7330080	66	61	0.899912602361663	0.131	C>T	2	1	1	-15.1795311324752
17	7417416	60	138	0.899912602361663	0.174	C>T	2	1	1	-12.5671674902924
17	7697611	64	73	0.899912602361663	0.11	G>A	2	1	1	-16.9814231939133
17	7849228	52	54	0.899912602361663	0.204	C>T	2	1	1	-11.3490391644598
17	7915647	50	62	0.899912602361663	0.129	C>T	2	1	1	-15.1795311324752
17	9503491	48	74	0.899912602361663	0.189	A>T	2	1	1	-11.6906434878168
17	13400185	54	97	0.899912602361663	0.227	C>T	2	1	1	-10.6832526309242
17	17326701	60	63	0.899912602361663	0.127	C>T	2	1	1	-15.1795311324752
17	26105929	58	105	0.991158944367421	0.238	G>A	2	2	1	-10.7047327908083
17	27185525	58	166	0.991158944367421	0.169	G>T	2	2	1	-10.6097496396389
17	27959377	46	57	0.991158944367421	0.175	G>A	2	2	1	-10.4366129252544
17	30815029	64	45	0.991158944367421	0.244	C>T	2	2	1	-10.7047327908083
17	31263484	66	107	0.991158944367421	0.14	C>T	2	2	1	-11.55771631728
17	32647334	40	73	0.991158944367421	0.164	G>A	2	2	1	-10.85202095891
17	33772642	44	92	0.991158944367421	0.196	C>T	2	2	1	-10.28628004707
17	34842460	66	77	0.991158944367421	0.195	G>A	2	2	1	-10.28628004707
17	38318040	44	134	0.991158944367421	0.164	C>T	2	2	1	-10.85202095891
17	40010645	40	119	0.991158944367421	0.193	G>A	2	2	1	-10.3296647926725
17	40557445	58	42	0.991158944367421	0.119	G>A	2	2	1	-12.5862902923042
17	40945619	48	45	0.991158944367421	0.156	G>A	2	2	1	-10.85202095891
17	42338153	64	73	0.991158944367421	0.164	C>T	2	2	1	-10.85202095891
17	43214811	64	68	0.991158944367421	0.147	C>T	2	2	1	-11.1667513576447
17	46052966	64	84	1.20065613586472	0.143	C>T	2	3	1	-10.4736413560838
17	47658983	68	81	1.20065613586472	0.111	C>T	2	3	1	-11.4623734225528
17	48153868	72	84	1.20065613586472	0.107	G>A	2	3	1	-11.4623734225528
17	48539017	50	86	1.20065613586472	0.116	G>A	2	3	1	-11.0433890024524
17	48695635	64	51	1.20065613586472	0.157	G>A	2	3	1	-10.2267723263695
17	53491539	44	50	1.20065613586472	0.16	T>C	2	3	1	-10.2267723263695
17	56557418	46	43	1.20065613586472	0.209	G>A	2	3	1	-10.8259251747339
17	56598499	52	122	1.20065613586472	0.238	G>A	2	3	1	-11.9147894728902
17	61571357	52	70	1.20065613586472	0.1	C>T	2	3	1	-11.979542520241
17	61611250	76	47	1.20065613586472	0.128	C>T	2	3	1	-10.7157468452794
17	61767014	68	137	1.20065613586472	0.117	T>C	2	3	1	-11.0433890024524
17	62080167	66	44	1.20065613586472	0.159	C>T	2	3	1	-10.2267723263695
17	72613495	54	45	1.20065613586472	0.133	G>A	2	3	1	-10.7157468452794
17	73569678	66	80	1.20065613586472	0.15	G>A	2	3	1	-10.3120895607763
17	73723428	54	60	1.20065613586472	0.183	T>C	2	3	1	-10.2701906213694
17	74152434	62	63	1.20065613586472	0.143	G>A	2	3	1	-10.4736413560838
17	74387453	64	91	1.20065613586472	0.121	G>A	2	3	1	-11.0433890024524
17	76424612	72	78	1.20065613586472	0.103	C>T	2	3	1	-11.979542520241
17	76425255	58	52	1.20065613586472	0.269	C>T	2	3	2	-11.5217351750998
17	76445582	54	43	1.20065613586472	0.116	C>T	2	3	1	-11.0433890024524
17	76503548	54	86	1.20065613586472	0.151	C>T	2	3	1	-10.3120895607763
17	77075638	50	103	1.20065613586472	0.175	G>T	2	3	1	-10.2701906213694
17	77100180	44	73	1.20065613586472	0.151	A>T	2	3	1	-10.3120895607763
17	78040018	60	49	1.20065613586472	0.102	C>T	2	3	1	-11.979542520241
17	78086369	74	69	1.20065613586472	0.333	C>T	2	3	2	-10.4598584063824
17	79106480	66	78	1.20065613586472	0.115	C>T	2	3	1	-11.0433890024524
17	79380828	56	102	1.20065613586472	0.118	C>T	2	3	1	-11.0433890024524
17	79410133	72	40	1.20065613586472	0.125	C>T	2	3	1	-11.0433890024524
17	79414274	76	104	1.20065613586472	0.144	G>A	2	3	1	-10.4736413560838
17	79650952	78	67	1.20065613586472	0.134	G>A	2	3	1	-10.7157468452794
17	79671339	64	75	1.20065613586472	0.16	C>T	2	3	1	-10.2267723263695
17	79768899	72	57	1.20065613586472	0.158	C>T	2	3	1	-10.2267723263695
17	80051183	58	40	1.20065613586472	0.1	G>A	2	3	1	-11.979542520241
17	80885877	56	109	1.20065613586472	0.183	T>C	2	3	1	-10.2701906213694
18	7032965	50	64	0.984582540972597	0.25	G>A	2	2	1	-10.9482074109061
18	9886983	60	176	0.984582540972597	0.142	G>A	2	2	1	-11.55771631728
18	18975484	44	48	0.968185624904055	0.167	G>A	2	2	1	-10.6295561344093
18	19996605	36	43	0.968185624904055	0.209	C>T	2	2	1	-10.3239144804059
18	22807618	50	78	0.968185624904055	0.141	A>G	2	2	1	-11.5775228120505
18	29044158	42	101	0.968185624904055	0.139	C>T	2	2	1	-11.5775228120505
18	31263320	44	50	0.968185624904055	0.1	A>G	2	2	1	-14.0010766335188
18	31323549	34	58	0.968185624904055	0.103	C>T	2	2	1	-14.0010766335188
18	33234754	36	76	0.968185624904055	0.184	C>T	2	2	1	-10.4564194200248
18	44775499	74	42	0.968185624904055	0.214	C>T	2	2	1	-10.3239144804059
18	55240505	50	53	0.968185624904055	0.113	C>T	2	2	1	-13.2544943715029
18	77917624	64	73	1.254	0.26	G>A	2	3	2	-11.8999842138916
19	804629	76	47	1.01877948211114	0.17	C>T	2	2	1	-10.6097496396389
19	1487127	70	84	1.01877948211114	0.238	G>A	2	2	1	-10.7047327908083
19	3735631	56	58	1.01877948211114	0.138	C>T	2	2	1	-11.55771631728
19	3806100	68	41	1.01877948211114	0.244	G>A	2	2	1	-10.7047327908083
19	3810855	62	71	1.01877948211114	0.183	A>G	2	2	1	-10.4366129252544
19	3810856	62	71	1.01877948211114	0.183	A>C	2	2	1	-10.4366129252544
19	4294807	56	40	1.01877948211114	0.125	G>A	2	2	1	-12.5862902923042
19	6141537	52	42	1.01877948211114	0.214	G>A	2	2	1	-10.3041079856354
19	7697764	64	53	1.01877948211114	0.226	C>T	2	2	1	-10.5151522467981
19	8326874	64	73	1.01877948211114	0.233	G>A	2	2	1	-10.5151522467981
19	8620523	64	80	1.01877948211114	0.125	C>T	2	2	1	-12.5862902923042
19	8842214	50	46	1.01877948211114	0.109	C>T	2	2	1	-13.2346878767324
19	9060875	48	50	1.01877948211114	0.2	C>T	2	2	1	-10.28628004707
19	9088509	54	43	1.01877948211114	0.116	G>A	2	2	1	-12.5862902923042
19	9407454	50	53	1.01877948211114	0.245	G>A	2	2	1	-10.7047327908083
19	10131368	54	79	1.01877948211114	0.127	C>T	2	2	1	-12.0292349708034
19	10229592	40	77	1.01877948211114	0.156	T>A	2	2	1	-10.85202095891
19	10514239	74	76	1.01877948211114	0.211	C>T	2	2	1	-10.3041079856354
19	10514242	74	77	1.01877948211114	0.182	C>T	2	2	1	-10.4366129252544
19	10514248	74	80	1.01877948211114	0.212	C>T	2	2	1	-10.3041079856354
19	11170552	66	65	1.01877948211114	0.108	G>A	2	2	1	-13.2346878767324
19	11942642	34	47	1.01877948211114	0.106	C>T	2	2	1	-13.2346878767324
19	12976080	74	59	1.01877948211114	0.136	C>T	2	2	1	-11.55771631728
19	13476166	28	44	1.01877948211114	0.136	C>T	2	2	1	-11.55771631728
19	13879326	64	97	1.01877948211114	0.206	C>T	2	2	1	-10.3041079856354
19	13923946	64	65	1.01877948211114	0.169	C>T	2	2	1	-10.6097496396389
19	14765809	36	55	1.01877948211114	0.145	G>A	2	2	1	-11.55771631728
19	15739597	56	79	1.01877948211114	0.114	C>A	2	2	1	-13.2346878767324
19	15763498	58	58	1.01877948211114	0.103	G>A	2	2	1	-13.9812701387484
19	15918098	52	51	1.01877948211114	0.196	G>A	2	2	1	-10.28628004707
19	18497158	58	139	1.01877948211114	0.144	C>T	2	2	1	-11.55771631728
19	19447971	42	44	1.01877948211114	0.136	C>T	2	2	1	-11.55771631728
19	22170085	42	79	1.01877948211114	0.139	G>A	2	2	1	-11.55771631728
19	22498526	32	78	1.01877948211114	0.154	A>T	2	2	1	-11.1667513576447
19	32847533	34	51	1.02553318219542	0.137	G>A	2	2	1	-11.5775150771019
19	33870261	68	99	1.02553318219542	0.202	C>A	2	2	1	-10.3060788068919
19	36124884	76	62	1.02553318219542	0.177	C>T	2	2	1	-10.4564116850763
19	37643861	40	106	1.02553318219542	0.132	G>A	2	2	1	-12.0490337306253
19	38315730	34	42	1.02553318219542	0.238	G>A	2	2	1	-10.7245315506302
19	38378389	40	150	1.02553318219542	0.147	C>T	2	2	1	-11.1865501174666
19	39018344	72	58	1.02553318219542	0.172	C>T	2	2	1	-10.6295483994608
19	39214812	60	159	1.02553318219542	0.176	C>T	2	2	1	-10.4564116850763
19	40477040	50	124	1.02553318219542	0.121	G>A	2	2	1	-12.6060890521261
19	41000788	54	68	1.02553318219542	0.235	C>T	2	2	1	-10.7245315506302
19	42192046	68	64	1.02553318219542	0.172	C>T	2	2	1	-10.6295483994608
19	43998829	54	40	1.02553318219542	0.175	G>A	2	2	1	-10.4564116850763
19	44171956	56	159	1.02553318219542	0.17	G>A	2	2	1	-10.6295483994608
19	44276300	56	43	1.02553318219542	0.209	G>A	2	2	1	-10.3239067454573
19	44590376	40	127	1.02553318219542	0.15	C>T	2	2	1	-11.1865501174666
19	44792701	44	48	1.02553318219542	0.125	G>T	2	2	1	-12.6060890521261
19	45262846	78	47	1.02553318219542	0.149	C>T	2	2	1	-11.1865501174666
19	45668411	62	44	1.02553318219542	0.114	G>A	2	2	1	-13.2544866365543
19	45766558	58	99	1.02553318219542	0.152	C>T	2	2	1	-11.1865501174666
19	46307677	64	49	1.02553318219542	0.184	G>A	2	2	1	-10.4564116850763
19	46498617	56	62	1.02553318219542	0.177	G>A	2	2	1	-10.4564116850763
19	46640238	46	50	1.02553318219542	0.12	C>T	2	2	1	-12.6060890521261
19	48821834	68	86	1.02553318219542	0.105	C>T	2	2	1	-14.0010688985703
19	49132944	66	92	1.02553318219542	0.196	G>A	2	2	1	-10.3060788068919
19	49633402	56	55	1.02553318219542	0.291	C>T	2	2	1	-12.4540896900742
19	50338999	66	101	1.02553318219542	0.149	C>T	2	2	1	-11.1865501174666
19	50789672	54	46	1.02553318219542	0.196	C>T	2	2	1	-10.3060788068919
19	51262281	58	49	1.02553318219542	0.102	C>T	2	2	1	-14.0010688985703
19	52448761	38	50	1.02553318219542	0.1	G>T	2	2	1	-14.0010688985703
19	53085813	44	44	1.02553318219542	0.136	C>T	2	2	1	-11.5775150771019
19	53513812	46	51	1.02553318219542	0.196	G>A	2	2	1	-10.3060788068919
19	54251973	46	77	1.02553318219542	0.195	G>A	2	2	1	-10.3060788068919
19	55143096	42	76	1.02553318219542	0.132	G>A	2	2	1	-12.0490337306253
19	55716642	54	113	1.02553318219542	0.142	C>T	2	2	1	-11.5775150771019
19	56188941	40	61	1.02553318219542	0.148	G>A	2	2	1	-11.1865501174666
19	56733435	58	70	1.02553318219542	0.157	G>A	2	2	1	-10.8718197187319
19	57293779	52	54	1.02553318219542	0.222	G>A	2	2	1	-10.4008334818645
19	57327820	40	64	1.02553318219542	0.172	C>T	2	2	1	-10.6295483994608
19	57327821	40	65	1.02553318219542	0.169	C>T	2	2	1	-10.6295483994608
19	57839430	38	116	1.02553318219542	0.103	A>T	2	2	1	-14.0010688985703
19	59022949	76	46	1.02553318219542	0.217	C>T	2	2	1	-10.4008334818645
20	1532455	50	50	1.00546130347672	0.22	G>A	2	2	1	-10.3810347220426
20	2381031	54	82	1.00546130347672	0.11	G>A	2	2	1	-13.2346878767324
20	13509106	48	55	1.00546130347672	0.127	G>A	2	2	1	-12.0292349708034
20	16410603	36	40	1.00546130347672	0.25	C>T	2	2	1	-10.9482074109061
20	18122894	46	72	1.00546130347672	0.125	C>T	2	2	1	-12.5862902923042
20	18143455	40	85	1.00546130347672	0.212	C>T	2	2	1	-10.3041079856354
20	23728587	54	56	1.00546130347672	0.196	G>A	2	2	1	-10.28628004707
20	25450757	64	50	1.00546130347672	0.14	G>A	2	2	1	-11.55771631728
20	29992682	40	43	1.01613944769901	0.209	C>T	2	2	1	-10.3041079856354
20	30662468	64	49	1.01613944769901	0.102	G>A	2	2	1	-13.9812701387484
20	30730814	48	71	1.01613944769901	0.113	C>T	2	2	1	-13.2346878767324
20	33444545	46	57	1.01613944769901	0.263	G>A	2	2	1	-11.2441479709072
20	33530438	56	99	1.01613944769901	0.131	G>A	2	2	1	-12.0292349708034
20	35425958	70	54	1.01613944769901	0.13	G>T	2	2	1	-12.0292349708034
20	36374984	58	56	1.01613944769901	0.161	C>T	2	2	1	-10.85202095891
20	41101171	58	40	1.01613944769901	0.225	G>A	2	2	1	-10.3810347220426
20	42694450	62	82	1.01613944769901	0.146	C>G	2	2	1	-11.1667513576447
20	42788253	68	64	1.01613944769901	0.25	C>T	2	2	1	-10.9482074109061
20	44354236	40	75	1.01613944769901	0.173	G>A	2	2	1	-10.6097496396389
20	44515330	66	50	1.01613944769901	0.14	T>A	2	2	1	-11.55771631728
20	45000200	62	53	1.01613944769901	0.17	T>C	2	2	1	-10.6097496396389
20	55211730	42	63	1.01613944769901	0.127	A>C	2	2	1	-12.0292349708034
20	57766795	72	76	1.01613944769901	0.118	G>A	2	2	1	-12.5862902923042
20	57769036	60	56	1.01613944769901	0.143	C>T	2	2	1	-11.55771631728
20	59053164	56	106	1.01613944769901	0.189	C>T	2	2	1	-10.3296647926725
20	60885628	64	58	1.01613944769901	0.138	C>A	2	2	1	-11.55771631728
20	61150737	64	41	1.01613944769901	0.244	G>A	2	2	1	-10.7047327908083
20	62038147	64	87	1.01613944769901	0.218	G>C	2	2	1	-10.3810347220426
20	62193822	80	59	1.01613944769901	0.203	G>T	2	2	1	-10.28628004707
21	14917071	50	58	1.126	0.224	G>A	2	3	1	-11.1877037107051
21	28338163	70	116	1.02397008058677	0.19	C>T	2	2	1	-10.3494635524944
21	32490929	52	122	1.02397008058677	0.18	G>A	2	2	1	-10.4564116850763
21	32526568	52	54	1.02397008058677	0.278	C>T	2	2	1	-12.0081278435879
21	43314919	58	93	1.02397008058677	0.118	G>A	2	2	1	-12.6060890521261
22	21068878	62	58	1.01417677713707	0.155	T>C	2	2	1	-10.85202095891
22	22749783	58	63	1.01417677713707	0.206	G>A	2	2	1	-10.3041079856354
22	25334156	62	87	1.01417677713707	0.184	C>T	2	2	1	-10.4366129252544
22	26299660	58	41	1.01417677713707	0.195	G>A	2	2	1	-10.28628004707
22	26388425	56	60	1.01417677713707	0.117	G>A	2	2	1	-12.5862902923042
22	30845147	44	59	1.01417677713707	0.153	G>A	2	2	1	-11.1667513576447
22	31008996	58	65	1.01417677713707	0.108	A>C	2	2	1	-13.2346878767324
22	37271752	58	112	1.01417677713707	0.17	G>A	2	2	1	-10.6097496396389
22	37462294	58	45	1.01417677713707	0.111	G>A	2	2	1	-13.2346878767324
22	37770814	74	41	1.01417677713707	0.195	G>A	2	2	1	-10.28628004707
22	38823629	58	114	1.01417677713707	0.123	G>A	2	2	1	-12.5862902923042
22	41864692	58	85	1.01417677713707	0.153	G>A	2	2	1	-11.1667513576447
22	42463886	52	106	1.01417677713707	0.198	G>A	2	2	1	-10.28628004707
22	42608581	50	75	1.01417677713707	0.213	G>A	2	2	1	-10.3041079856354
22	46765821	62	48	1.01417677713707	0.208	G>A	2	2	1	-10.3041079856354
22	46931397	56	169	1.01417677713707	0.172	A>C	2	2	1	-10.6097496396389
22	51011998	68	56	1.01417677713707	0.107	G>A	2	2	1	-13.2346878767324
