chromosome	position	GC.percent	good.reads	adjusted.ratio	F	mutation	CNn	CNt	Mt	LPP
1	881935	64	50	1.00928846487252	0.14	G>A	2	2	2	-10.9402916573415
1	1560817	78	49	1.00928846487252	0.122	C>T	2	2	2	-10.285080748725
1	6204176	54	60	1.00928846487252	0.15	C>T	2	2	2	-11.3912191395264
1	11115917	64	45	1.00928846487252	0.133	G>A	2	2	2	-10.5699178690446
1	16259397	60	66	1.00928846487252	0.106	C>T	2	2	2	-10.0915858913329
1	17603187	52	56	1.00928846487252	0.214	C>T	2	2	2	-15.5799304184389
1	21011644	66	132	1.00928846487252	0.121	G>A	2	2	2	-10.285080748725
1	26107802	58	53	1.00928846487252	0.151	G>A	2	2	2	-11.3912191395264
1	27057901	66	111	1.00928846487252	0.126	C>T	2	2	2	-10.5699178690446
1	32207384	68	63	1.00928846487252	0.175	G>A	2	2	2	-13.186758032597
1	34666597	60	59	1.00928846487252	0.119	C>T	2	2	2	-10.285080748725
1	35873580	28	47	1.00928846487252	0.128	T>C	2	2	2	-10.5699178690446
1	45509052	46	47	1.00928846487252	0.106	G>A	2	2	2	-10.0915858913329
1	55224179	60	52	1.00928846487252	0.115	G>A	2	2	2	-10.285080748725
1	60139793	60	51	1.00928846487252	0.118	C>T	2	2	2	-10.285080748725
1	99772431	56	41	1.00928846487252	0.293	C>T	2	2	2	-24.4452528976182
1	109811416	66	82	1.00928846487252	0.11	T>C	2	2	2	-10.0915858913329
1	144903085	58	87	1.02505067241456	0.149	G>A	2	3	3	-10.1913014133881
1	152058876	38	48	1.02505067241456	0.167	C>T	2	3	3	-10.5071543628065
1	152282996	60	67	1.02505067241456	0.119	C>T	2	3	3	-10.3015583469112
1	152882714	52	47	1.02505067241456	0.191	G>A	2	3	3	-11.0999241832644
1	153363002	52	54	1.02505067241456	0.111	C>T	2	3	2	-10.1616620937625
1	153520865	62	125	1.02505067241456	0.112	C>T	2	3	2	-10.1616620937625
1	155288622	52	49	1.02505067241456	0.224	G>A	2	3	3	-12.460576113771
1	155695742	38	64	1.02505067241456	0.141	C>T	2	3	3	-10.1458390393113
1	156255169	60	64	1.02505067241456	0.109	C>T	2	3	2	-10.1616620937625
1	156845821	64	54	1.02505067241456	0.167	C>T	2	3	3	-10.5071543628065
1	156882281	70	48	1.02505067241456	0.104	C>T	2	3	2	-10.0122846926879
1	158301326	42	44	1.02505067241456	0.114	C>T	2	3	2	-10.1616620937625
1	160062438	62	85	1.02505067241456	0.118	G>A	2	3	3	-10.3015583469112
1	161696435	72	72	1.02505067241456	0.111	G>A	2	3	2	-10.1616620937625
1	161953983	54	119	1.02505067241456	0.134	G>A	2	3	3	-10.1809303591226
1	171526902	64	137	1.02505067241456	0.124	C>T	2	3	3	-10.3015583469112
1	175048509	68	88	1.02505067241456	0.114	G>A	2	3	2	-10.1616620937625
1	180913572	54	63	1.02505067241456	0.175	C>T	2	3	3	-10.7704449821342
1	183514093	54	48	1.02505067241456	0.104	C>T	2	3	2	-10.0122846926879
1	183514094	54	47	1.02505067241456	0.106	C>T	2	3	2	-10.1616620937625
1	186097315	38	49	1.02505067241456	0.102	C>T	2	3	2	-10.0122846926879
1	186277873	38	66	1.02505067241456	0.106	A>G	2	3	2	-10.1616620937625
1	196715107	36	49	1.02505067241456	0.122	G>A	2	3	3	-10.3015583469112
1	197397042	34	43	1.02505067241456	0.14	G>A	2	3	3	-10.1458390393113
1	201182093	66	54	1.02505067241456	0.148	C>T	2	3	3	-10.1913014133881
1	203468922	58	51	1.02505067241456	0.137	C>T	2	3	3	-10.1458390393113
1	206821040	32	40	1.02505067241456	0.175	C>T	2	3	3	-10.7704449821342
1	207110598	56	87	1.02505067241456	0.126	C>T	2	3	3	-10.1809303591226
1	210415536	50	83	1.02505067241456	0.133	G>A	2	3	3	-10.1809303591226
1	210415538	50	82	1.02505067241456	0.11	G>A	2	3	2	-10.1616620937625
1	228475943	62	77	1.02505067241456	0.143	C>T	2	3	3	-10.1458390393113
1	231299699	58	114	1.02505067241456	0.184	G>A	2	3	3	-10.7704449821342
2	7027326	38	48	1.00937904649186	0.125	C>T	2	2	2	-10.285080748725
2	11922452	54	112	1.00937904649186	0.134	G>A	2	2	2	-10.5699178690446
2	17998226	60	130	1.00937904649186	0.131	C>T	2	2	2	-10.5699178690446
2	17998227	60	130	1.00937904649186	0.131	C>T	2	2	2	-10.5699178690446
2	26689973	64	79	1.00937904649186	0.114	G>A	2	2	2	-10.0915858913329
2	27591587	52	66	1.00937904649186	0.121	G>A	2	2	2	-10.285080748725
2	32690207	34	73	1.00937904649186	0.123	C>T	2	2	2	-10.285080748725
2	33407311	42	58	1.00937904649186	0.138	G>A	2	2	2	-10.9402916573415
2	37041410	48	48	1.00937904649186	0.104	C>T	2	2	2	-9.9962757115286
2	45171833	74	102	1.00937904649186	0.157	G>A	2	2	2	-11.9183811826121
2	60688028	54	120	1.00937904649186	0.108	G>A	2	2	2	-10.0915858913329
2	71148331	60	80	1.00937904649186	0.1	G>A	2	2	2	-9.9962757115286
2	71740949	68	41	1.00937904649186	0.122	G>A	2	2	2	-10.285080748725
2	71755433	58	45	1.00937904649186	0.156	G>A	2	2	2	-11.9183811826121
2	96040655	64	79	1.01529610657599	0.139	C>T	2	2	2	-10.9402916573415
2	96949593	58	77	1.01529610657599	0.117	G>A	2	2	2	-10.285080748725
2	99438725	74	69	1.01529610657599	0.116	G>C	2	2	2	-10.285080748725
2	100722364	54	80	1.01529610657599	0.125	C>T	2	2	2	-10.285080748725
2	101591377	54	53	1.01529610657599	0.132	C>T	2	2	2	-10.5699178690446
2	110035954	54	49	1.01529610657599	0.143	T>G	2	2	2	-10.9402916573415
2	110035955	54	48	1.01529610657599	0.146	C>T	2	2	2	-11.3912191395264
2	121995434	60	58	1.01529610657599	0.138	G>A	2	2	2	-10.9402916573415
2	128339539	54	72	1.01529610657599	0.111	C>T	2	2	2	-10.0915858913329
2	128388897	64	73	1.01529610657599	0.11	C>T	2	2	2	-10.0915858913329
2	128712819	50	45	1.01529610657599	0.111	G>T	2	2	2	-10.0915858913329
2	162088048	52	40	1.01529610657599	0.1	C>T	2	2	2	-9.9962757115286
2	163054802	50	40	1.01529610657599	0.15	C>T	2	2	2	-11.3912191395264
2	163070503	42	46	1.01529610657599	0.239	G>A	2	2	2	-18.5062325490727
2	165365009	58	40	1.01529610657599	0.1	C>G	2	2	2	-9.9962757115286
2	171687675	54	45	1.01529610657599	0.111	G>A	2	2	2	-10.0915858913329
2	179396102	40	48	1.01529610657599	0.104	C>T	2	2	2	-9.9962757115286
2	183053653	42	62	1.01529610657599	0.113	G>A	2	2	2	-10.0915858913329
2	198570201	64	52	1.01529610657599	0.115	C>T	2	2	2	-10.285080748725
2	207631485	44	61	1.01529610657599	0.164	C>T	2	2	2	-11.9183811826121
2	219738376	82	95	1.01529610657599	0.105	C>T	2	2	2	-9.9962757115286
2	220162017	74	84	1.01529610657599	0.119	G>A	2	2	2	-10.285080748725
2	220290701	58	59	1.01529610657599	0.153	G>A	2	2	2	-11.3912191395264
2	220347865	78	48	1.01529610657599	0.125	C>T	2	2	2	-10.285080748725
2	223423456	44	40	1.01529610657599	0.175	C>T	2	2	2	-13.186758032597
2	228552912	44	63	1.01529610657599	0.175	C>T	2	2	2	-13.186758032597
2	232672234	56	43	1.01529610657599	0.14	C>T	2	2	2	-10.9402916573415
2	240504764	38	48	1.01529610657599	0.146	C>T	2	2	2	-11.3912191395264
2	241706731	54	51	1.01529610657599	0.118	G>A	2	2	2	-10.285080748725
2	242707309	64	46	1.01529610657599	0.109	C>T	2	2	2	-10.0915858913329
3	10379963	62	92	1.0048345671349	0.12	T>A	2	2	2	-10.285080748725
3	10396801	62	59	1.0048345671349	0.136	C>T	2	2	2	-10.9402916573415
3	14724549	64	106	1.0048345671349	0.104	C>T	2	2	2	-9.9962757115286
3	36779158	52	69	1.0048345671349	0.116	C>T	2	2	2	-10.285080748725
3	39093459	66	150	1.0048345671349	0.1	G>A	2	2	2	-9.9962757115286
3	39226921	64	41	1.0048345671349	0.195	G>A	2	2	2	-14.7202100380531
3	42728181	58	55	1.0048345671349	0.145	G>A	2	2	2	-10.9402916573415
3	45936397	40	45	1.0048345671349	0.2	G>A	2	2	2	-14.7202100380531
3	48475168	60	56	1.0048345671349	0.143	C>T	2	2	2	-10.9402916573415
3	48612927	72	48	1.0048345671349	0.104	C>T	2	2	2	-9.9962757115286
3	48788734	40	62	1.0048345671349	0.113	G>A	2	2	2	-10.0915858913329
3	51418625	68	96	1.0048345671349	0.125	C>T	2	2	2	-10.285080748725
3	52476701	62	90	1.0048345671349	0.111	G>T	2	2	2	-10.0915858913329
3	52839824	64	77	1.0048345671349	0.143	C>T	2	2	2	-10.9402916573415
3	54952727	58	68	1.0048345671349	0.132	C>T	2	2	2	-10.5699178690446
3	64607931	42	41	1.0048345671349	0.122	G>A	2	2	2	-10.285080748725
3	77542445	50	50	1.0048345671349	0.1	G>A	2	2	2	-9.9962757115286
3	78649330	40	43	1.0048345671349	0.163	C>T	2	2	2	-11.9183811826121
3	98235903	50	58	0.990038897175169	0.103	G>A	2	2	2	-9.9962757115286
3	100365519	54	45	0.990038897175169	0.156	G>A	2	2	2	-11.9183811826121
3	122632861	66	59	0.990038897175169	0.153	G>A	2	2	2	-11.3912191395264
3	124721228	40	57	0.990038897175169	0.105	C>T	2	2	2	-9.9962757115286
3	126260642	70	67	0.990038897175169	0.104	C>T	2	2	2	-9.9962757115286
3	126915595	64	53	0.990038897175169	0.17	G>A	2	2	2	-12.5180023051612
3	127642625	44	40	0.990038897175169	0.1	C>T	2	2	2	-9.9962757115286
3	128879978	54	88	0.990038897175169	0.125	G>A	2	2	2	-10.285080748725
3	129120694	54	49	0.990038897175169	0.143	C>T	2	2	2	-10.9402916573415
3	136573453	36	65	0.990038897175169	0.123	G>A	2	2	2	-10.285080748725
3	138763125	68	87	0.990038897175169	0.126	C>T	2	2	2	-10.5699178690446
3	150903103	54	47	0.990038897175169	0.106	C>T	2	2	2	-10.0915858913329
3	185300641	52	40	0.990038897175169	0.1	C>T	2	2	2	-9.9962757115286
3	195460064	56	84	0.990038897175169	0.131	C>T	2	2	2	-10.5699178690446
4	2321875	66	42	1.02895295930003	0.19	C>T	2	3	3	-11.0999241832644
4	20598093	52	60	1.02895295930003	0.167	G>A	2	3	3	-10.5071543628065
4	47465666	68	54	1.02895295930003	0.111	C>T	2	3	2	-10.1616620937625
4	47538856	42	60	1.02895295930003	0.1	C>T	2	3	2	-10.0122846926879
4	69180008	42	56	0.960733347838786	0.143	G>A	2	1	1	-15.5134883871924
4	81967049	56	48	0.960733347838786	0.125	G>A	2	1	1	-13.4719831174561
4	81967067	40	44	0.960733347838786	0.114	T>A	2	1	1	-12.5853410795041
4	88372844	44	47	0.960733347838786	0.128	T>C	2	1	1	-14.4499674183356
4	100208840	44	53	0.960733347838786	0.151	G>A	2	1	1	-16.6575630499373
4	102951332	30	61	0.960733347838786	0.18	C>T	2	1	1	-20.5325434846877
4	103571732	44	64	0.960733347838786	0.109	G>A	2	1	1	-12.5853410795041
4	151656484	38	46	0.960733347838786	0.109	T>C	2	1	1	-12.5853410795041
4	154625382	40	48	0.960733347838786	0.104	G>A	2	1	1	-11.7968837191398
4	169630253	52	41	0.960733347838786	0.122	G>A	2	1	1	-13.4719831174561
4	186111747	40	49	0.960733347838786	0.122	G>A	2	1	1	-13.4719831174561
5	483417	62	52	0.982746581366583	0.135	C>T	2	2	2	-10.9402916573415
5	840450	38	42	0.982746581366583	0.167	G>A	2	2	2	-12.5180023051612
5	36995750	24	57	0.982746581366583	0.123	G>A	2	2	2	-10.285080748725
5	118970716	44	58	0.961484765908066	0.121	C>T	2	1	1	-13.4719831174561
5	123982517	50	41	0.961484765908066	0.122	G>A	2	1	1	-13.4719831174561
5	126746152	60	49	0.961484765908066	0.143	G>A	2	1	1	-15.5134883871924
5	138715514	62	60	0.961484765908066	0.1	C>T	2	1	1	-11.7968837191398
5	140166538	52	40	0.961484765908066	0.1	G>A	2	1	1	-11.7968837191398
5	140763131	70	40	0.961484765908066	0.1	G>A	2	1	1	-11.7968837191398
5	167850832	68	88	0.961484765908066	0.102	C>T	2	1	1	-11.7968837191398
5	169139143	38	44	0.961484765908066	0.114	G>A	2	1	1	-12.5853410795041
5	169533454	62	82	0.961484765908066	0.146	G>A	2	1	1	-16.6575630499373
5	171765897	58	65	0.961484765908066	0.123	G>A	2	1	1	-13.4719831174561
5	176910767	62	60	0.961484765908066	0.1	G>A	2	1	1	-11.7968837191398
5	178373344	52	41	0.961484765908066	0.171	G>A	2	1	1	-19.170640576692
5	180043423	56	104	0.961484765908066	0.115	C>T	2	1	1	-13.4719831174561
6	7584936	42	52	1.03222769693293	0.154	G>A	2	3	3	-10.1913014133881
6	27221261	42	43	1.03222769693293	0.186	G>A	2	3	3	-11.0999241832644
6	30865333	76	47	1.03222769693293	0.149	G>A	2	3	3	-10.1913014133881
6	31084411	46	40	1.03222769693293	0.1	C>T	2	3	2	-10.0122846926879
6	31914113	56	73	1.03222769693293	0.11	C>T	2	3	2	-10.1616620937625
6	32188759	56	55	1.03222769693293	0.109	G>A	2	3	2	-10.1616620937625
6	52874332	44	54	1.03222769693293	0.148	G>A	2	3	3	-10.1913014133881
6	52874333	44	55	1.03222769693293	0.145	G>A	2	3	3	-10.1458390393113
6	69944975	46	48	0.985853313870647	0.167	C>T	2	2	2	-12.5180023051612
6	74104737	64	55	0.985853313870647	0.127	C>T	2	2	2	-10.5699178690446
6	110300912	70	50	0.985853313870647	0.14	G>A	2	2	2	-10.9402916573415
6	132929916	42	70	0.985853313870647	0.114	G>A	2	2	2	-10.0915858913329
6	132930189	46	66	0.985853313870647	0.136	C>T	2	2	2	-10.9402916573415
6	136470244	42	40	0.985853313870647	0.15	G>A	2	2	2	-11.3912191395264
6	136472363	38	42	0.985853313870647	0.19	T>C	2	2	2	-13.9217023418354
6	155450436	38	50	0.985853313870647	0.12	C>T	2	2	2	-10.285080748725
7	1543525	66	205	1.02128549905082	0.117	G>A	2	3	3	-10.3015583469112
7	1786476	78	89	1.02128549905082	0.157	C>T	2	3	3	-10.3129983483656
7	2409224	52	45	1.02128549905082	0.156	G>A	2	3	3	-10.3129983483656
7	2740221	68	110	1.02128549905082	0.1	G>A	2	3	2	-10.0122846926879
7	5460051	80	158	1.02128549905082	0.12	G>A	2	3	3	-10.3015583469112
7	18633587	48	48	1.02128549905082	0.104	C>T	2	3	2	-10.0122846926879
7	19184654	64	69	1.02128549905082	0.116	C>T	2	3	3	-10.3015583469112
7	44574089	52	110	1.02128549905082	0.109	G>A	2	3	2	-10.1616620937625
7	44739855	64	70	1.02128549905082	0.1	C>T	2	3	2	-10.0122846926879
7	47622042	68	58	1.02128549905082	0.138	G>A	2	3	3	-10.1458390393113
7	47942116	44	52	1.02128549905082	0.154	G>A	2	3	3	-10.1913014133881
7	47942117	44	52	1.02128549905082	0.154	G>A	2	3	3	-10.1913014133881
7	50136108	40	57	1.02128549905082	0.105	C>T	2	3	2	-10.0122846926879
7	51096790	44	53	1.02128549905082	0.208	G>A	2	3	3	-11.9472220436516
7	76022980	80	58	1.02150540805927	0.121	C>T	2	3	3	-10.3015583469112
7	82583245	44	65	1.02150540805927	0.108	G>A	2	3	2	-10.1616620937625
7	100151909	52	43	1.02150540805927	0.163	C>T	2	3	3	-10.3129983483656
7	100175061	70	64	1.02150540805927	0.125	G>A	2	3	3	-10.3015583469112
7	100373334	62	40	1.02150540805927	0.15	C>T	2	3	3	-10.1913014133881
7	113558802	36	55	1.02150540805927	0.109	C>T	2	3	2	-10.1616620937625
7	141898453	52	40	1.02150540805927	0.125	G>A	2	3	3	-10.3015583469112
7	150706272	68	115	1.02150540805927	0.104	C>T	2	3	2	-10.0122846926879
7	151092965	66	41	1.02150540805927	0.146	G>A	2	3	3	-10.1913014133881
8	11400853	54	60	1.02573923400598	0.15	C>T	2	3	3	-10.1913014133881
8	22035220	70	63	1.02573923400598	0.175	C>T	2	3	3	-10.7704449821342
8	22037893	58	100	1.02573923400598	0.1	C>T	2	3	2	-10.0122846926879
8	22084434	64	66	1.02573923400598	0.121	C>T	2	3	3	-10.3015583469112
8	22084458	66	63	1.02573923400598	0.127	C>T	2	3	3	-10.1809303591226
8	41557972	36	45	1.02573923400598	0.111	C>T	2	3	2	-10.1616620937625
8	57302755	48	75	0.948240063888919	0.107	C>T	2	1	1	-12.5853410795041
8	92301388	50	42	0.948240063888919	0.143	C>T	2	1	1	-15.5134883871924
8	95651228	74	83	0.948240063888919	0.108	C>G	2	1	1	-12.5853410795041
8	119936746	42	71	0.948240063888919	0.113	G>A	2	1	1	-12.5853410795041
8	143546139	72	64	1.08070603360118	0.125	G>A	2	3	3	-10.3018145986298
8	144945388	64	124	1.08070603360118	0.105	G>A	2	3	2	-10.0125409444065
8	145110076	64	45	1.08070603360118	0.111	G>A	2	3	2	-10.1619183454811
8	145947351	48	47	1.08070603360118	0.17	G>A	2	3	3	-10.5074106145251
9	3829461	52	42	0.898767842971519	0.119	G>A	2	1	1	-13.5486648609616
9	38395835	64	58	0.898767842971519	0.121	G>A	2	1	1	-13.5486648609616
9	38396261	64	63	0.898767842971519	0.111	G>A	2	1	1	-12.6620228230096
9	66457322	62	45	1.02159229552977	0.111	G>C	2	3	2	-10.1616620937625
9	73296467	46	53	1.02159229552977	0.17	C>T	2	3	3	-10.5071543628065
9	96422463	56	85	1.02159229552977	0.106	C>T	2	3	2	-10.1616620937625
9	102589139	34	58	1.02159229552977	0.103	C>T	2	3	2	-10.0122846926879
9	113137666	64	72	1.02159229552977	0.125	C>T	2	3	3	-10.3015583469112
9	113212435	50	48	1.02159229552977	0.188	C>T	2	3	3	-11.0999241832644
9	130486560	68	62	1.02159229552977	0.129	G>A	2	3	3	-10.1809303591226
9	131512983	50	69	1.02159229552977	0.101	G>A	2	3	2	-10.0122846926879
9	133759696	70	64	1.02159229552977	0.125	C>T	2	3	3	-10.3015583469112
9	138415806	72	95	1.02159229552977	0.147	G>T	2	3	3	-10.1913014133881
9	138416571	68	53	1.02159229552977	0.113	G>A	2	3	2	-10.1616620937625
9	138588674	54	53	1.02159229552977	0.151	G>A	2	3	3	-10.1913014133881
9	138677147	70	41	1.02159229552977	0.146	C>T	2	3	3	-10.1913014133881
9	139649783	68	40	1.02159229552977	0.175	G>A	2	3	3	-10.7704449821342
10	30317148	48	67	0.903938741240392	0.134	C>T	2	1	1	-14.5266491618411
10	87966248	64	44	0.925531880285868	0.114	G>A	2	1	1	-12.6038482101701
10	90966255	54	99	0.925531880285868	0.162	C>T	2	1	1	-17.896379404249
10	101639683	48	60	0.925531880285868	0.167	G>A	2	1	1	-19.189147707358
10	102738872	58	83	0.925531880285868	0.133	G>A	2	1	1	-14.4684745490016
10	102738873	58	87	0.925531880285868	0.126	G>A	2	1	1	-14.4684745490016
10	129839296	58	113	0.925531880285868	0.106	C>T	2	1	1	-12.6038482101701
10	135140512	70	43	0.925531880285868	0.116	G>A	2	1	1	-13.4904902481221
11	293753	62	98	1.02751941351298	0.112	C>T	2	3	2	-10.1616620937625
11	1082246	74	43	1.02751941351298	0.14	G>A	2	3	3	-10.1458390393113
11	3681167	72	156	1.02751941351298	0.103	C>T	2	3	2	-10.0122846926879
11	6265224	48	100	1.02751941351298	0.11	G>A	2	3	2	-10.1616620937625
11	13391184	44	61	1.02751941351298	0.115	A>G	2	3	3	-10.3015583469112
11	18763931	58	56	1.02751941351298	0.125	G>A	2	3	3	-10.3015583469112
11	47369970	60	72	1.02751941351298	0.111	C>T	2	3	2	-10.1616620937625
11	48387421	48	40	1.02751941351298	0.1	G>A	2	3	2	-10.0122846926879
11	49053324	46	43	1.02751941351298	0.116	C>T	2	3	3	-10.3015583469112
11	55798413	42	45	1.02480499856613	0.111	C>T	2	3	2	-10.1616620937625
11	57080063	70	50	1.02480499856613	0.1	C>T	2	3	2	-10.0122846926879
11	57311278	64	59	1.02480499856613	0.119	G>A	2	3	3	-10.3015583469112
11	57346591	52	52	1.02480499856613	0.115	G>A	2	3	3	-10.3015583469112
11	62763268	54	58	1.02480499856613	0.138	C>T	2	3	3	-10.1458390393113
11	63971494	40	66	1.02480499856613	0.106	C>T	2	3	2	-10.1616620937625
11	64503006	64	107	1.02480499856613	0.121	G>A	2	3	3	-10.3015583469112
11	65029778	72	61	1.02480499856613	0.115	C>T	2	3	3	-10.3015583469112
11	65063426	58	69	1.02480499856613	0.101	C>T	2	3	2	-10.0122846926879
11	65161710	68	50	1.02480499856613	0.1	C>T	2	3	2	-10.0122846926879
11	65403946	74	143	1.02480499856613	0.105	C>T	2	3	2	-10.0122846926879
11	65634179	62	83	1.02480499856613	0.145	T>G	2	3	3	-10.1458390393113
11	66625281	72	128	1.02480499856613	0.133	C>T	2	3	3	-10.1809303591226
11	72946132	62	110	1.02480499856613	0.127	G>A	2	3	3	-10.1809303591226
11	74203295	52	100	1.02480499856613	0.11	G>A	2	3	2	-10.1616620937625
11	76886528	64	83	1.02480499856613	0.108	C>T	2	3	2	-10.1616620937625
11	76916608	64	100	1.02480499856613	0.1	G>A	2	3	2	-10.0122846926879
11	100849781	46	47	1.02480499856613	0.128	G>A	2	3	3	-10.1809303591226
11	101454192	78	50	1.02480499856613	0.14	G>A	2	3	3	-10.1458390393113
11	101826768	54	68	1.02480499856613	0.221	C>T	2	3	3	-12.460576113771
11	103325979	36	40	1.02480499856613	0.1	C>T	2	3	2	-10.0122846926879
11	118382678	38	53	1.02480499856613	0.113	C>T	2	3	2	-10.1616620937625
11	119020911	66	68	1.02480499856613	0.118	G>A	2	3	3	-10.3015583469112
11	119020912	66	68	1.02480499856613	0.118	G>A	2	3	3	-10.3015583469112
11	119293839	68	54	1.02480499856613	0.111	C>T	2	3	2	-10.1616620937625
11	121008504	54	47	1.02480499856613	0.128	G>A	2	3	3	-10.1809303591226
11	121348849	42	47	1.02480499856613	0.106	G>A	2	3	2	-10.1616620937625
11	121461643	48	65	1.02480499856613	0.108	G>A	2	3	2	-10.1616620937625
11	123777834	56	45	1.02480499856613	0.111	G>A	2	3	2	-10.1616620937625
11	124095851	50	56	1.02480499856613	0.107	C>T	2	3	2	-10.1616620937625
11	124955516	54	54	1.02480499856613	0.148	G>A	2	3	3	-10.1913014133881
12	278173	62	68	1.00257855934841	0.132	C>T	2	2	2	-10.5699178690446
12	6499895	46	113	1.00257855934841	0.133	C>T	2	2	2	-10.5699178690446
12	7527980	48	47	1.00257855934841	0.149	C>T	2	2	2	-11.3912191395264
12	7527981	48	48	1.00257855934841	0.146	C>T	2	2	2	-11.3912191395264
12	27752439	38	58	1.00257855934841	0.103	C>T	2	2	2	-9.9962757115286
12	46601390	50	69	1.00222355986761	0.116	C>T	2	2	2	-10.285080748725
12	48145726	60	52	1.00222355986761	0.154	G>A	2	2	2	-11.3912191395264
12	50467740	52	90	1.00222355986761	0.111	G>A	2	2	2	-10.0915858913329
12	50746996	62	56	1.00222355986761	0.107	G>A	2	2	2	-10.0915858913329
12	52825810	40	55	1.00222355986761	0.145	C>T	2	2	2	-10.9402916573415
12	53554523	72	64	1.00222355986761	0.141	G>A	2	2	2	-10.9402916573415
12	54797933	60	72	1.00222355986761	0.111	C>T	2	2	2	-10.0915858913329
12	56510424	52	60	1.00222355986761	0.1	C>T	2	2	2	-9.9962757115286
12	57431844	52	68	1.00222355986761	0.103	C>T	2	2	2	-9.9962757115286
12	57578065	66	57	1.00222355986761	0.123	C>T	2	2	2	-10.285080748725
12	70272884	56	79	1.00222355986761	0.127	G>A	2	2	2	-10.5699178690446
12	71029639	62	43	1.00222355986761	0.14	G>A	2	2	2	-10.9402916573415
12	109847321	40	52	1.00222355986761	0.115	G>A	2	2	2	-10.285080748725
12	113348850	44	59	1.00222355986761	0.102	G>A	2	2	2	-9.9962757115286
12	121882369	64	104	1.00222355986761	0.106	G>A	2	2	2	-10.0915858913329
12	123463407	70	96	1.00222355986761	0.135	G>A	2	2	2	-10.9402916573415
12	131692270	66	54	1.00222355986761	0.111	G>A	2	2	2	-10.0915858913329
12	132335480	58	56	1.00222355986761	0.125	C>T	2	2	2	-10.285080748725
12	132400710	62	78	1.00222355986761	0.103	G>A	2	2	2	-9.9962757115286
12	133350870	62	44	1.00222355986761	0.136	G>A	2	2	2	-10.9402916573415
12	133433993	66	60	1.00222355986761	0.117	G>A	2	2	2	-10.285080748725
13	38154839	40	53	0.989595659175634	0.151	G>A	2	2	2	-11.3912191395264
13	41766536	44	47	0.989595659175634	0.149	G>A	2	2	2	-11.3912191395264
13	53422159	72	107	0.989595659175634	0.112	G>A	2	2	2	-10.0915858913329
13	84454919	64	40	0.989595659175634	0.125	C>T	2	2	2	-10.285080748725
13	96293727	64	96	0.989595659175634	0.167	G>A	2	2	2	-12.5180023051612
13	113897297	40	49	0.989595659175634	0.102	A>T	2	2	2	-9.9962757115286
14	23313056	52	153	1.01965395830113	0.111	C>T	2	2	2	-10.0915858913329
14	24808567	66	105	1.01965395830113	0.105	C>T	2	2	2	-9.9962757115286
14	38091543	68	54	1.01965395830113	0.111	G>A	2	2	2	-10.0915858913329
14	55529586	64	87	1.01965395830113	0.126	C>T	2	2	2	-10.5699178690446
14	65259731	58	72	1.01965395830113	0.111	C>T	2	2	2	-10.0915858913329
14	65259732	58	74	1.01965395830113	0.108	C>T	2	2	2	-10.0915858913329
14	74544936	42	55	1.01965395830113	0.127	C>T	2	2	2	-10.5699178690446
14	77942245	68	53	1.01965395830113	0.113	G>A	2	2	2	-10.0915858913329
14	95035923	64	59	1.01965395830113	0.102	G>A	2	2	2	-9.9962757115286
14	95080869	56	48	1.01965395830113	0.188	G>A	2	2	2	-13.9217023418354
14	105417336	50	46	1.01965395830113	0.261	C>T	2	2	2	-20.7294326128122
14	106067097	60	44	1.01965395830113	0.136	G>A	2	2	2	-10.9402916573415
15	25332966	44	57	0.979019887109748	0.105	C>T	2	1	1	-11.7968837191398
15	34355002	54	90	0.979019887109748	0.1	G>A	2	1	1	-11.7968837191398
15	38643219	34	52	0.979019887109748	0.135	C>T	2	1	1	-15.5134883871924
15	42128627	60	88	0.979019887109748	0.114	C>T	2	1	1	-12.5853410795041
15	62360019	66	64	0.979019887109748	0.125	C>T	2	1	1	-13.4719831174561
15	63353002	50	41	0.979019887109748	0.122	C>T	2	1	1	-13.4719831174561
15	65369604	80	42	0.979019887109748	0.143	G>A	2	1	1	-15.5134883871924
15	78471031	64	79	0.979019887109748	0.101	C>T	2	1	1	-11.7968837191398
15	78765622	44	61	0.979019887109748	0.279	C>G	2	1	1	-37.4346558670018
15	84527548	40	67	0.979019887109748	0.164	G>A	2	1	1	-17.8778722735829
15	89443092	44	41	0.979019887109748	0.122	G>A	2	1	1	-13.4719831174561
15	90020378	48	56	0.979019887109748	0.214	C>T	2	1	1	-25.0051574122095
15	99500607	68	59	0.979019887109748	0.119	C>T	2	1	1	-13.4719831174561
15	99500608	68	59	0.979019887109748	0.119	C>T	2	1	1	-13.4719831174561
15	100252777	72	43	0.979019887109748	0.163	C>T	2	1	1	-17.8778722735829
15	100332643	60	68	0.979019887109748	0.118	G>A	2	1	1	-13.4719831174561
15	100591940	42	40	0.979019887109748	0.1	G>A	2	1	1	-11.7968837191398
16	113852	68	51	0.761	0.137	G>A	2	1	1	-16.2215840399575
16	1254142	70	78	1.09853956981985	0.115	G>A	2	3	3	-10.3018145986298
16	1264971	66	48	1.09853956981985	0.167	G>A	2	3	3	-10.5074106145251
16	1265025	52	86	1.09853956981985	0.163	C>T	2	3	3	-10.3132546000842
16	3486516	46	70	1.09853956981985	0.129	C>T	2	3	3	-10.1811866108412
16	20361063	48	49	1.09853956981985	0.122	C>T	2	3	3	-10.3018145986298
16	29891363	62	40	1.09853956981985	0.15	G>A	2	3	3	-10.1915576651067
16	31105918	74	93	1.09853956981985	0.129	C>A	2	3	3	-10.1811866108412
16	31106865	66	82	1.09853956981985	0.11	G>A	2	3	2	-10.1619183454811
16	49433070	48	46	1.06900252505106	0.109	C>T	2	3	2	-10.1619183454811
16	57060803	66	110	1.06900252505106	0.127	G>A	2	3	3	-10.1811866108412
16	57951270	56	44	1.06900252505106	0.136	G>A	2	3	3	-10.1460952910299
16	58019785	72	116	1.06900252505106	0.112	C>T	2	3	2	-10.1619183454811
16	67189102	74	162	1.06900252505106	0.105	G>A	2	3	2	-10.0125409444065
16	67235721	70	126	1.06900252505106	0.103	G>A	2	3	2	-10.0125409444065
16	69727038	46	63	1.06900252505106	0.127	C>T	2	3	3	-10.1811866108412
16	81737726	68	100	1.06900252505106	0.1	C>T	2	3	2	-10.0125409444065
17	2317661	52	55	1.00368919343445	0.109	G>A	2	2	2	-10.0915858913329
17	3967710	56	113	1.00368919343445	0.124	G>A	2	2	2	-10.285080748725
17	7132835	66	120	1.00368919343445	0.108	C>T	2	2	2	-10.0915858913329
17	7132889	62	144	1.00368919343445	0.104	C>T	2	2	2	-9.9962757115286
17	7604969	58	94	1.00368919343445	0.106	C>T	2	2	2	-10.0915858913329
17	7697706	60	51	1.00368919343445	0.118	G>A	2	2	2	-10.285080748725
17	10543688	54	57	1.00368919343445	0.105	G>A	2	2	2	-9.9962757115286
17	19216603	66	99	1.00368919343445	0.152	C>T	2	2	2	-11.3912191395264
17	19646304	66	71	1.00368919343445	0.169	C>G	2	2	2	-12.5180023051612
17	26101399	68	44	1.04717733161417	0.114	G>A	2	3	2	-10.1616620937625
17	29203425	44	82	1.04717733161417	0.122	C>T	2	3	3	-10.3015583469112
17	33680366	40	43	1.04717733161417	0.116	C>T	2	3	3	-10.3015583469112
17	38172610	54	40	1.04717733161417	0.125	G>A	2	3	3	-10.3015583469112
17	38176671	64	62	1.04717733161417	0.161	G>A	2	3	3	-10.3129983483656
17	40821972	70	184	1.04717733161417	0.141	G>A	2	3	3	-10.1458390393113
17	40833736	54	57	1.04717733161417	0.14	C>T	2	3	3	-10.1458390393113
17	43010192	68	66	1.04717733161417	0.121	G>A	2	3	3	-10.3015583469112
17	43910564	62	49	1.04717733161417	0.102	C>T	2	3	2	-10.0122846926879
17	45925470	56	79	1.04717733161417	0.152	C>T	2	3	3	-10.1913014133881
17	48050683	60	64	1.04717733161417	0.141	G>A	2	3	3	-10.1458390393113
17	48596379	60	94	1.04717733161417	0.106	G>A	2	3	2	-10.1616620937625
17	48672387	44	47	1.04717733161417	0.106	T>C	2	3	2	-10.1616620937625
17	48913413	64	114	1.04717733161417	0.132	C>T	2	3	3	-10.1809303591226
17	54554963	46	71	1.04717733161417	0.127	T>C	2	3	3	-10.1809303591226
17	59668029	46	50	1.04717733161417	0.12	G>A	2	3	3	-10.3015583469112
17	65528957	60	44	1.04717733161417	0.114	C>T	2	3	2	-10.1616620937625
17	71165932	60	70	1.04717733161417	0.143	G>A	2	3	3	-10.1458390393113
17	71165933	60	71	1.04717733161417	0.141	G>A	2	3	3	-10.1458390393113
17	71197621	54	84	1.04717733161417	0.119	C>G	2	3	3	-10.3015583469112
17	71375328	60	132	1.04717733161417	0.106	G>A	2	3	2	-10.1616620937625
17	72608974	62	61	1.04717733161417	0.115	C>T	2	3	3	-10.3015583469112
17	73485716	66	122	1.04717733161417	0.107	C>T	2	3	2	-10.1616620937625
17	73663388	68	47	1.04717733161417	0.106	C>T	2	3	2	-10.1616620937625
17	76486817	64	54	1.04717733161417	0.185	A>G	2	3	3	-10.7704449821342
17	78210803	66	60	1.04717733161417	0.117	C>T	2	3	3	-10.3015583469112
17	79994355	76	83	1.04717733161417	0.133	T>A	2	3	3	-10.1809303591226
18	346461	46	85	1.00524869553205	0.118	A>T	2	2	2	-10.285080748725
18	3879417	60	112	1.00524869553205	0.125	G>A	2	2	2	-10.285080748725
18	29437907	42	48	0.976692083030629	0.125	T>A	2	1	1	-13.4719831174561
18	34340707	74	40	0.976692083030629	0.125	C>T	2	1	1	-13.4719831174561
18	44013206	74	103	0.976692083030629	0.117	C>T	2	1	1	-13.4719831174561
19	1791934	76	86	1.07576245142373	0.105	C>T	2	3	2	-10.0125409444065
19	2244794	56	49	1.07576245142373	0.122	C>T	2	3	3	-10.3018145986298
19	4280157	62	74	1.07576245142373	0.149	G>A	2	3	3	-10.1915576651067
19	5778498	56	75	1.07576245142373	0.107	C>T	2	3	2	-10.1619183454811
19	5787568	70	76	1.07576245142373	0.118	G>A	2	3	3	-10.3018145986298
19	6828128	62	51	1.07576245142373	0.157	G>A	2	3	3	-10.3132546000842
19	6828129	62	51	1.07576245142373	0.157	G>A	2	3	3	-10.3132546000842
19	10084900	72	79	1.07576245142373	0.101	C>T	2	3	2	-10.0125409444065
19	10800146	68	99	1.07576245142373	0.131	C>T	2	3	3	-10.1811866108412
19	11216169	60	84	1.07576245142373	0.143	C>T	2	3	3	-10.1460952910299
19	13320289	70	46	1.07576245142373	0.13	C>T	2	3	3	-10.1811866108412
19	14049124	62	41	1.07576245142373	0.146	C>T	2	3	3	-10.1915576651067
19	14578561	58	41	1.07576245142373	0.122	G>A	2	3	3	-10.3018145986298
19	16682919	88	53	1.07576245142373	0.151	G>A	2	3	3	-10.1915576651067
19	16980591	70	70	1.07576245142373	0.143	C>T	2	3	3	-10.1460952910299
19	20003016	36	58	1.07576245142373	0.121	C>T	2	3	3	-10.3018145986298
19	22966768	60	55	1.07576245142373	0.127	C>T	2	3	3	-10.1811866108412
19	31770449	52	50	1.07743423520134	0.18	G>C	2	3	3	-10.7707012338528
19	33486917	58	52	1.07743423520134	0.154	G>A	2	3	3	-10.1915576651067
19	35802925	64	46	1.07743423520134	0.13	G>A	2	3	3	-10.1811866108412
19	36222949	68	81	1.07743423520134	0.136	T>C	2	3	3	-10.1460952910299
19	36279069	68	111	1.07743423520134	0.108	C>T	2	3	2	-10.1619183454811
19	38377672	42	43	1.07743423520134	0.116	G>A	2	3	3	-10.3018145986298
19	39591004	60	54	1.07743423520134	0.111	G>A	2	3	2	-10.1619183454811
19	44222744	62	45	1.07743423520134	0.133	G>A	2	3	3	-10.1811866108412
19	46120853	56	52	1.07743423520134	0.115	G>A	2	3	3	-10.3018145986298
19	46180326	66	64	1.07743423520134	0.141	C>T	2	3	3	-10.1460952910299
19	49318403	54	76	1.07743423520134	0.118	G>A	2	3	3	-10.3018145986298
19	50305154	80	69	1.07743423520134	0.116	C>T	2	3	3	-10.3018145986298
19	50747560	54	93	1.07743423520134	0.118	G>A	2	3	3	-10.3018145986298
19	52091509	42	40	1.07743423520134	0.125	C>T	2	3	3	-10.3018145986298
19	53553080	44	49	1.07743423520134	0.102	C>T	2	3	2	-10.0125409444065
19	53747009	46	45	1.07743423520134	0.133	G>A	2	3	3	-10.1811866108412
19	55610423	72	73	1.07743423520134	0.123	C>T	2	3	3	-10.3018145986298
19	56369305	52	51	1.07743423520134	0.137	C>T	2	3	3	-10.1460952910299
19	56758742	50	63	1.07743423520134	0.111	T>A	2	3	2	-10.1619183454811
19	56904784	74	64	1.07743423520134	0.109	C>T	2	3	2	-10.1619183454811
19	57641343	40	49	1.07743423520134	0.102	C>T	2	3	2	-10.0125409444065
20	3575108	52	57	1.01157142610463	0.105	C>T	2	2	2	-9.9962757115286
20	4229284	56	85	1.01157142610463	0.165	G>A	2	2	2	-11.9183811826121
20	5896964	42	47	1.01157142610463	0.106	C>T	2	2	2	-10.0915858913329
20	30475120	32	64	1.05888927954321	0.141	C>T	2	3	3	-10.1458390393113
20	45354455	66	58	1.05888927954321	0.103	C>T	2	3	2	-10.0122846926879
20	61340837	66	75	1.05888927954321	0.187	C>T	2	3	3	-11.0999241832644
20	61907566	70	44	1.05888927954321	0.114	C>T	2	3	2	-10.1616620937625
20	62200286	64	72	1.05888927954321	0.111	G>A	2	3	2	-10.1616620937625
21	32624145	50	113	1.05314784686171	0.106	C>A	2	3	2	-10.1616620937625
21	43543158	64	128	1.05314784686171	0.102	C>T	2	3	2	-10.0122846926879
21	46902158	48	44	1.05314784686171	0.136	G>A	2	3	3	-10.1458390393113
21	47549202	64	91	1.05314784686171	0.165	C>T	2	3	3	-10.3129983483656
21	47838299	38	54	1.05314784686171	0.111	C>T	2	3	2	-10.1616620937625
21	47838300	38	55	1.05314784686171	0.109	C>T	2	3	2	-10.1616620937625
22	17622359	46	51	1.07750654003177	0.137	C>T	2	3	3	-10.1460952910299
22	18273564	68	55	1.07750654003177	0.127	C>T	2	3	3	-10.1811866108412
22	21347199	60	81	1.07750654003177	0.123	G>A	2	3	3	-10.3018145986298
22	21380771	68	69	1.07750654003177	0.13	C>T	2	3	3	-10.1811866108412
22	26159009	62	55	1.07750654003177	0.127	C>T	2	3	3	-10.1811866108412
22	26423185	54	76	1.07750654003177	0.105	G>A	2	3	2	-10.0125409444065
22	29708327	68	177	1.07750654003177	0.102	G>A	2	3	2	-10.0125409444065
22	31524493	54	81	1.07750654003177	0.111	C>T	2	3	2	-10.1619183454811
22	39884936	74	77	1.07750654003177	0.104	G>A	2	3	2	-10.0125409444065
22	42191655	58	49	1.07750654003177	0.102	G>A	2	3	2	-10.0125409444065
22	42908976	58	46	1.07750654003177	0.109	G>A	2	3	2	-10.1619183454811
22	43024265	54	69	1.07750654003177	0.13	G>A	2	3	3	-10.1811866108412
22	47064688	76	71	1.07750654003177	0.113	C>T	2	3	2	-10.1619183454811
