chromosome	position	GC.percent	good.reads	adjusted.ratio	F	mutation	CNn	CNt	Mt	LPP
1	43773163	66	60	0.982902619292148	0.15	G>A	2	4	1	-10.1737288775288
1	44684094	58	146	0.982902619292148	0.144	C>A	2	4	1	-10.2070473813052
1	82456484	52	59	0.982902619292148	0.186	C>T	2	4	1	-10.7672281359927
1	153963275	54	105	0.973355080736262	0.238	G>T	2	4	2	-11.4087627539935
2	28816936	48	154	1.13299393945908	0.351	C>T	2	5	3	-10.9314901003154
2	169759070	46	107	1.13154636361898	0.355	C>G	2	5	3	-10.7561372128375
2	179647623	50	51	1.13154636361898	0.275	C>T	2	5	2	-10.4480135327524
3	9089179	36	41	0.851419726315523	0.39	A>C	2	3	2	-10.6639084925967
4	30725299	40	106	1.02595680158001	0.255	T>C	2	4	2	-10.9168772030406
5	140482571	54	95	0.973804538564339	0.116	G>T	2	4	1	-10.5214298539873
6	41162309	68	45	1.27986741310683	0.467	C>T	2	6	4	-10.4921372493701
7	27856474	32	41	1.33249506852258	0.195	A>G	2	6	2	-10.6179548238419
7	99795223	36	81	1.28368705563798	0.185	C>T	2	6	2	-11.0967704531601
7	139726076	64	89	1.28368705563798	0.135	G>A	2	6	1	-10.3737622173311
8	23306407	42	61	1.0009630601131	0.361	T>C	2	4	2	-11.141457046118
8	26268059	30	43	1.0009630601131	0.302	T>G	2	4	2	-10.4249596235218
8	107751777	42	106	1.25314966647825	0.113	C>T	2	6	1	-10.0538941783365
11	12270620	38	41	0.97537453785757	0.122	C>T	2	4	1	-10.5214298539873
11	18158705	48	99	0.97537453785757	0.313	C>T	2	4	2	-10.4325335474034
11	123513327	66	106	1.00783586722195	0.123	C>T	2	4	1	-10.5203284446113
13	86368835	48	86	0.972249976405483	0.233	G>A	2	4	2	-11.7535337934294
14	102478271	64	71	0.984893827611098	0.282	G>A	2	4	2	-10.5538513037908
14	107218766	60	194	0.797	0.139	G>T	2	3	1	-10.7570686269286
16	1494254	74	48	1.23355269706468	0.438	C>T	2	6	4	-10.6740928137719
16	31075755	64	99	1.00424057079765	0.182	C>T	2	4	1	-10.5165298127156
16	71674666	52	121	1.0142035537288	0.107	C>T	2	4	1	-10.8110795731805
17	18692753	48	117	1.04548696748398	0.137	G>C	2	4	1	-10.2455512265216
18	58291570	48	73	0.815841550231554	0.151	G>A	2	3	1	-10.4907035362051
19	3179107	72	151	1.33645320281515	0.219	C>T	2	6	2	-10.3732925590982
19	14020732	66	79	1.33645320281515	0.139	G>A	2	6	1	-10.3846964059136
19	39883112	42	146	1.32252596707398	0.103	G>A	2	6	1	-10.1457974294527
19	42315057	70	72	1.32252596707398	0.111	C>T	2	6	1	-10.0648283669191
19	44284709	66	43	1.32252596707398	0.116	G>C	2	6	1	-10.0820439819731
20	13509058	44	43	0.998003992678131	0.465	T>C	2	4	3	-10.5015742699868
20	36322598	70	47	0.990685981521923	0.255	G>T	2	4	2	-10.8783733578242
21	34051026	40	107	0.991467148243557	0.168	A>G	2	4	1	-10.3320200712411
22	21351363	70	58	1.21025092719409	0.121	G>T	2	6	1	-10.1003480377596
