chromosome	position	GC.percent	good.reads	adjusted.ratio	F	mutation	CNn	CNt	Mt	LPP
1	3644749	74	69	1.00880161678513	0.145	C>T	2	4	1	-10.1847289056185
1	43773163	66	67	1.00880161678513	0.164	G>A	2	4	1	-10.5768441815262
1	44684094	58	150	1.00880161678513	0.153	C>A	2	4	1	-10.342669263122
1	55130828	48	52	1.00880161678513	0.173	C>T	2	4	1	-10.8834781793938
1	153963275	54	114	0.985601195086654	0.228	G>T	2	4	2	-10.5575749014087
1	225445697	34	74	0.985601195086654	0.108	G>A	2	4	1	-10.2149845136544
1	228547518	66	44	0.985601195086654	0.25	G>A	2	4	2	-10.3796100434822
2	28816936	48	119	1.11359170620915	0.303	C>T	2	5	3	-10.8552292951077
2	169759070	46	92	1.11359041116098	0.315	C>G	2	5	3	-10.561064688527
2	225635214	50	41	1.11359041116098	0.341	C>A	2	5	3	-10.4484464828236
4	13629568	68	49	1.10290164732708	0.286	T>C	2	5	3	-11.0942549814896
4	80327988	60	52	1.04267517825616	0.269	G>T	2	4	2	-10.4323358246326
5	23976121	44	62	0.982136955150918	0.177	A>T	2	4	1	-11.2592467821481
5	162909740	48	89	0.976303630183462	0.135	A>G	2	4	1	-10.2036328253431
6	41162309	68	46	1.25846525922729	0.304	C>T	2	6	3	-10.4260622916736
7	99795223	36	95	1.26250756869462	0.179	C>T	2	6	2	-10.4448017727916
8	23306407	42	76	1.00067105972623	0.171	T>C	2	4	1	-10.8834781793938
8	26268059	30	50	1.00067105972623	0.28	T>G	2	4	2	-10.5032016832904
11	18158705	48	86	0.98724103876632	0.209	C>T	2	4	2	-10.9575506622805
12	49483708	78	91	0.859878048916742	0.121	G>A	2	3	1	-10.4255230338441
13	86368835	48	64	0.843471092776152	0.312	G>A	2	3	2	-10.4594016265082
14	102478271	64	75	1.04461047139288	0.24	G>A	2	4	2	-10.4623467692694
14	107218766	60	217	1.098	0.106	G>T	2	5	1	-10.0676305194961
16	1494254	74	48	1.04176562360398	0.312	C>T	2	4	2	-11.0880085696812
16	27460389	72	60	1.04176562360398	0.183	C>T	2	4	1	-11.2799481170159
16	31075755	64	118	1.04176562360398	0.119	C>T	2	4	1	-10.1361935812328
16	71674666	52	135	1.02597065994909	0.2	C>T	2	4	2	-11.2659340696
17	33749418	32	43	1.02473977707411	0.233	C>T	2	4	2	-10.5782762362764
17	45678928	50	53	1.02473977707411	0.321	T>C	2	4	2	-11.3694600923823
19	14020732	66	66	1.31402342572166	0.167	G>A	2	7	2	-10.3258605721582
19	39883112	42	165	1.29121699023711	0.103	G>A	2	6	1	-9.99409055560701
19	42315057	70	60	1.29121699023711	0.133	C>T	2	6	1	-10.4709501264683
20	13509058	44	60	0.999384823681939	0.183	T>C	2	4	1	-11.2592467821481
20	36322598	70	65	1.01618899716625	0.308	G>T	2	4	2	-11.0673072348134
22	21351363	70	52	1.2675692739606	0.135	G>T	2	6	1	-10.809063052547
