variant	PD42795_tumour	PD42795_dediff	PD42796_tumour	PD42796_dediff	PD42797_tumour	PD42797_dediff	PD42798_tumour	PD42798_dediff	PD42799_dediff	PD42800_tumour	PD42800_dediff	PD45781_tumour	PD45781_dediff	PD45890_tumour	PD45890_dediff
AA>AC	0	0	0	0	0	0	0	0	0	0	0	0	0	0	0
AA>AG	0	0	0	0	0	0	0	0	0	0	0	0	0	0	0
AA>AT	0	0	0	0	0	0	0	0	0	0	0	0	0	0	0
AA>CA	0	0	0	0	0	0	0	0	0	0	0	0	0	0	0
AA>CC	1	3	2	0	0	3	2	0	2	0	1	2	1	0	1
AA>CG	0	1	0	1	0	1	0	1	0	0	0	0	0	1	2
AA>CT	1	0	1	0	0	1	0	3	0	0	1	0	0	0	0
AA>GA	0	0	0	0	0	0	0	0	0	0	0	0	0	0	0
AA>GC	2	4	2	0	0	4	0	1	1	0	2	1	0	1	2
AA>GG	0	3	4	3	1	1	0	0	1	6	3	3	4	3	2
AA>GT	0	1	2	0	0	1	0	1	0	0	2	0	0	0	0
AA>TA	0	0	0	0	0	0	0	0	0	0	0	0	0	0	0
AA>TC	3	2	1	4	1	3	0	0	0	0	0	0	0	0	1
AA>TG	1	1	1	1	0	3	1	2	1	1	2	0	0	0	0
AA>TT	13	10	10	13	9	11	12	10	13	16	14	18	15	25	25
AC>AA	0	0	0	0	0	0	0	0	0	0	0	0	0	0	0
AC>AG	0	0	0	0	0	0	0	0	0	0	0	0	0	0	0
AC>AT	0	0	0	0	0	0	0	0	0	0	0	0	0	0	0
AC>CA	1	0	0	0	0	0	0	1	2	0	0	0	0	0	0
AC>CC	0	0	0	0	0	0	0	0	0	0	0	0	0	0	0
AC>CG	1	0	0	0	1	0	1	0	0	0	0	0	0	0	0
AC>CT	4	4	1	0	1	0	0	2	2	3	4	0	0	3	2
AC>GA	0	0	0	1	0	0	1	0	0	0	0	0	0	0	0
AC>GC	0	0	0	0	0	0	0	0	0	0	0	0	0	0	0
AC>GG	0	0	2	1	2	1	0	3	1	3	1	0	1	0	2
AC>GT	4	3	4	1	1	0	1	1	1	6	5	0	0	1	1
AC>TA	2	2	2	2	1	0	1	1	1	0	0	2	2	0	0
AC>TC	0	0	0	0	0	0	0	0	0	0	0	0	0	0	0
AC>TG	0	0	0	0	0	2	0	0	1	0	0	0	0	0	0
AC>TT	11	5	12	10	5	2	6	6	7	20	14	11	7	4	10
AG>AA	0	0	0	0	0	0	0	0	0	0	0	0	0	0	0
AG>AC	0	0	0	0	0	0	0	0	0	0	0	0	0	0	0
AG>AT	0	0	0	0	0	0	0	0	0	0	0	0	0	0	0
AG>CA	3	4	5	4	3	6	1	1	1	4	5	2	5	2	0
AG>CC	2	0	2	5	7	4	3	4	1	5	1	5	2	5	4
AG>CG	0	0	0	0	0	0	0	0	0	0	0	0	0	0	0
AG>CT	0	0	0	0	0	1	0	0	1	3	1	0	0	0	1
AG>GA	4	5	5	6	0	1	3	1	3	5	5	1	0	2	2
AG>GC	0	0	0	0	1	3	1	1	0	0	0	0	0	1	0
AG>GG	0	0	0	0	0	0	0	0	0	0	0	0	0	0	0
AG>GT	0	3	3	1	0	2	1	0	0	0	1	1	0	1	0
AG>TA	2	3	5	3	0	2	0	1	3	0	1	0	0	5	2
AG>TC	0	0	1	2	0	0	0	1	0	1	0	0	0	0	0
AG>TG	0	0	0	0	0	0	0	0	0	0	0	0	0	0	0
AG>TT	3	8	11	5	8	10	7	11	10	16	10	15	18	12	19
AT>AA	0	0	0	0	0	0	0	0	0	0	0	0	0	0	0
AT>AC	0	0	0	0	0	0	0	0	0	0	0	0	0	0	0
AT>AG	0	0	0	0	0	0	0	0	0	0	0	0	0	0	0
AT>CA	1	2	1	0	1	1	0	0	0	0	0	2	0	1	1
AT>CC	3	4	2	1	4	3	2	1	0	1	0	5	2	1	1
AT>CG	0	0	0	0	0	0	0	0	0	0	0	0	0	0	0
AT>GA	2	1	0	1	0	1	1	0	0	2	1	0	1	0	1
AT>GC	0	0	0	0	1	0	2	0	0	1	0	0	0	0	0
AT>TA	0	1	0	1	0	0	0	0	0	0	0	0	0	0	0
CA>AA	0	0	0	0	0	0	0	0	0	0	0	0	0	0	0
CA>AC	0	1	4	0	0	2	0	0	0	1	2	1	1	1	1
CA>AG	3	5	1	3	0	3	0	1	1	1	1	4	1	1	2
CA>AT	2	1	0	0	1	1	1	1	0	2	0	0	0	1	1
CA>CC	0	0	0	0	0	0	0	0	0	0	0	0	0	0	0
CA>CG	0	0	0	0	0	0	0	0	0	0	0	0	0	0	0
CA>CT	0	0	0	0	0	0	0	0	0	0	0	0	0	0	0
CA>GA	0	0	0	0	0	0	0	0	0	0	0	0	0	0	0
CA>GC	0	1	0	0	0	0	0	0	1	0	1	0	0	0	3
CA>GG	3	2	2	4	3	4	2	4	4	1	2	1	3	2	2
CA>GT	0	1	1	1	0	0	0	0	0	0	1	0	0	0	1
CA>TA	0	0	0	0	0	0	0	0	0	0	0	0	0	0	0
CA>TC	2	0	0	6	0	1	0	0	0	1	1	0	1	0	0
CA>TG	13	12	3	8	9	17	4	4	8	14	11	4	5	6	1
CA>TT	9	10	18	7	24	16	13	16	12	24	15	31	20	19	39
CC>AA	7	10	22	24	25	8	20	17	15	35	16	21	33	19	31
CC>AC	0	0	0	0	0	0	0	0	0	0	0	0	0	0	0
CC>AG	0	2	0	1	0	1	0	0	0	4	3	2	0	2	1
CC>AT	8	10	10	10	2	1	1	1	4	23	23	1	0	7	11
CC>CA	0	0	0	0	0	0	0	0	0	0	0	0	0	0	0
CC>CG	0	0	0	0	0	0	0	0	0	0	0	0	0	0	0
CC>CT	0	0	0	0	0	0	0	0	0	0	0	0	0	0	0
CC>GA	0	1	1	1	0	0	0	0	0	1	1	0	0	0	0
CC>GC	0	0	0	0	0	0	0	0	0	0	0	0	0	0	0
CC>GG	1	1	1	0	0	3	1	2	0	3	5	0	2	1	1
CC>GT	3	4	6	4	0	1	0	0	3	34	34	0	0	1	8
CC>TA	3	5	7	9	2	2	0	1	2	9	9	0	0	5	7
CC>TC	0	0	0	0	0	0	0	0	0	0	0	0	0	0	0
CC>TG	2	3	3	4	0	1	0	0	3	16	15	1	0	1	6
CC>TT	83	128	258	220	57	59	40	30	116	698	696	63	63	216	362
CG>AA	4	3	6	5	5	2	3	8	4	6	1	8	4	7	6
CG>AC	0	0	0	0	0	0	0	0	0	0	0	0	0	0	1
CG>AG	0	0	0	0	0	0	0	0	0	0	0	0	0	0	0
CG>AT	0	0	1	0	0	2	1	2	0	0	0	0	0	0	0
CG>CA	0	0	0	0	0	0	0	0	0	0	0	0	0	0	0
CG>CC	0	0	0	0	0	0	0	0	0	0	0	0	0	0	0
CG>GA	0	0	0	0	0	1	0	0	1	0	0	0	0	1	3
CG>GC	0	0	1	1	0	0	0	0	0	0	0	0	0	1	0
CG>TA	0	2	0	0	0	0	0	0	0	2	0	0	0	0	0
GA>AA	0	0	0	0	0	0	0	0	0	0	0	0	0	0	0
GA>AC	0	1	1	2	0	1	0	0	1	11	14	0	0	2	4
GA>AG	1	1	2	3	3	3	1	1	0	1	1	0	0	1	1
GA>AT	3	3	3	2	0	1	0	0	1	3	4	0	0	2	1
GA>CA	0	0	0	0	0	0	0	0	0	0	0	0	0	0	0
GA>CC	1	0	1	1	2	0	1	0	1	1	1	0	1	0	1
GA>CG	0	1	1	0	1	2	0	0	2	2	0	0	0	1	0
GA>CT	0	0	2	3	0	1	0	0	1	1	1	2	1	0	0
GA>GC	0	0	0	0	0	0	0	0	0	0	0	0	0	0	0
GA>GG	0	0	0	0	0	0	0	0	0	0	0	0	0	0	0
GA>GT	0	0	0	0	0	0	0	0	0	0	0	0	0	0	0
GA>TA	0	0	0	0	0	0	0	0	0	0	0	0	0	0	0
GA>TC	2	0	2	1	1	2	0	1	1	0	0	0	1	1	0
GA>TG	1	3	2	3	0	3	0	0	0	1	0	2	1	0	0
GA>TT	6	7	16	13	11	9	8	9	3	17	15	24	18	13	35
GC>AA	16	7	25	12	26	6	20	19	14	29	22	45	38	26	43
GC>AC	0	0	0	0	0	0	0	0	0	0	0	0	0	0	0
GC>AG	1	1	0	0	1	1	1	0	1	4	2	0	1	1	2
GC>AT	0	1	2	3	1	1	2	2	0	4	5	1	0	0	0
GC>CA	0	1	0	1	1	2	0	0	0	1	0	0	0	0	0
GC>CC	0	0	0	0	0	0	0	0	0	0	0	0	0	0	0
GC>CG	0	0	1	0	1	1	0	0	0	0	0	0	0	0	0
GC>GA	0	0	0	0	0	0	0	0	0	0	0	0	0	0	0
GC>TA	0	0	0	1	0	1	1	0	1	1	0	0	0	0	0
TA>AA	0	0	0	0	0	0	0	0	0	0	0	0	0	0	0
TA>AC	0	2	0	2	0	1	0	0	1	0	0	0	0	0	0
TA>AG	0	0	1	1	1	1	0	1	0	0	0	1	2	0	2
TA>AT	0	0	0	0	0	0	0	0	0	1	0	0	0	0	0
TA>CA	0	0	0	0	0	0	0	0	0	0	0	0	0	0	0
TA>CC	3	1	0	1	2	3	2	1	1	2	2	1	1	1	2
TA>CG	0	0	0	2	0	0	0	1	0	0	0	0	0	1	0
TA>GA	0	0	0	0	0	0	0	0	0	0	0	0	0	0	0
TA>GC	0	1	0	0	0	1	0	0	0	0	0	0	0	0	0
