chromosome	start.pos	end.pos	Bf	N.BAF	sd.BAF	depth.ratio	N.ratio	sd.ratio	CNt	A	B	LPP
1	878314	16948474	0.498908965553576	560	0.075727662631842	1.15581801949318	792720	0.369898481601166	2	1	1	-7.09051169725595
1	16948509	17273493	0.315315099937599	59	0.096626568532403	1.16660952891697	17095	0.387007534652173	4	3	1	-6.96207013627786
1	17292678	121306567	0.483689286707014	1344	0.0714571231296307	1.0476111799452	2900227	0.348898933955922	2	1	1	-7.06649667403651
1	144013853	249110906	0.499031706944791	1622	0.0746944592763907	1.08299814376592	3123488	0.353221341622725	2	1	1	-6.76783389136665
2	672740	91955209	0.47705171206557	907	0.0782126037015798	1.03949197940056	1786688	0.335531576403637	2	1	1	-7.26370748509305
2	95537245	242839614	0.498913673609424	1411	0.0765616835849249	1.06015546004185	3235151	0.350609180513088	2	1	1	-6.85239347341182
3	386247	87299075	0.498899347241098	807	0.0790247881327253	1.06253656693939	2013250	0.330227746466937	2	1	1	-6.7880452590229
3	93617433	197581147	0.498903471066889	967	0.0747790223530839	1.02662265863533	1974923	0.338876411413316	2	1	1	-7.67556576639687
4	60303	49046743	0.498897217335571	490	0.0702589022593462	1.11485575629738	837116	0.377342616247411	2	1	1	-7.00747198669993
4	52714511	190947451	0.498892483213187	769	0.077960157692367	1.02566124654696	1749947	0.329444443418457	2	1	1	-8.03046108208984
5	163205	44809162	0.498864474982196	288	0.0783758588420293	1.07010725611948	587036	0.361843222067241	2	1	1	-6.73590110522924
5	49698180	180670555	0.498914258016916	1246	0.0709839460488948	1.04000503472632	2433765	0.335663988627731	2	1	1	-7.38095433843921
6	311938	20758760	0.390632300550039	179	0.0875613701047331	1.35867397489865	320047	0.439818532119066	3	2	1	-6.87989712931246
6	21201493	57512510	0.49891085065498	1240	0.0784769586469848	1.03452600546819	1533227	0.315801860444727	2	1	1	-7.02531143288188
6	62390916	99819379	0.481576378958349	198	0.0756502665311356	1.0195319398944	416726	0.33898869370648	2	1	1	-7.25650130600108
6	99825348	131190838	0.258981608445661	205	0.108269761356967	0.684261498232714	423614	0.228067430477779	1	1	0	-7.7485503113995
6	131571663	170893364	0.498897109214781	441	0.0744862565301401	1.03133356905603	755435	0.332037824005092	2	1	1	-7.06619948622424
7	296557	57245247	0.498901554551036	712	0.0656777527052657	1.09806040787244	1075395	0.360294128140577	2	1	1	-6.85932950780812
7	63032699	158902567	0.498911529316848	1131	0.0749961620367527	1.07721098470135	2196738	0.348817931622747	2	1	1	-6.73727403164723
8	280391	42932643	0.498891788400296	555	0.0754239423963643	1.05110355327009	827158	0.339144777334779	2	1	1	-6.835047137409
8	47759712	135545058	0.498880880734609	500	0.0752237404164702	1.00922941485563	1064372	0.333848895312877	2	1	1	-8.1621353217538
8	135577533	146228779	0.498905497304964	333	0.0661943364961087	1.20154812267798	387353	0.345821410202015	2	1	1	-7.34003520871097
9	154795	43861081	0.260986702641577	304	0.0980156281296588	0.698046753158236	633486	0.227185544532539	1	1	0	-7.38489129025267
9	65602551	141070283	0.269277174352906	1144	0.0940341030568319	0.73877190720803	2015142	0.242483488934081	1	1	0	-7.00179378427772
10	412449	38667003	0.246142139006563	298	0.102864733574379	0.706480230234069	581399	0.235447852385325	1	1	0	-7.00723043366872
10	43232450	135381927	0.261486051601648	1052	0.102015646434315	0.721065040484603	1983972	0.237806822988741	1	1	0	-6.76175557959545
11	193096	1857112	0.498865424394828	216	0.0812924093255544	1.23046256193238	221407	0.357980676121933	2	1	1	-6.87382764404453
11	1861225	51527482	0.498914845977445	709	0.0676066635855457	1.06652608084589	1212650	0.341262813050279	2	1	1	-6.74575410405525
11	55111238	125660643	0.498917096907111	1125	0.0748733854144206	1.05714601720503	2479409	0.330160170570632	2	1	1	-6.82915942592586
11	125769354	134856661	0.242181589718233	120	0.103511538416904	0.744102424535789	161836	0.243566254129755	1	1	0	-6.81101407410099
12	176139	33579459	0.493284470741716	616	0.0698797392032478	1.0111780850279	946995	0.334420775099527	2	1	1	-7.32835655236101
12	38712020	133778796	0.258910512372254	1144	0.0961160351487126	0.724635151403885	2715591	0.238990752231991	1	1	0	-6.73325570585089
13	19600475	115064542	0.498886884508625	611	0.0753373279542392	1.04377012552711	1191798	0.343422575995641	2	1	1	-7.10582262952209
14	20201561	107170398	0.470421054177656	1086	0.077444448789886	1.05820233408612	2283608	0.341339765506173	2	1	1	-6.91649256834241
15	20170150	22482858	0.416509364558178	30	0.0906352041421271	0.897396797448318	14243	0.29347255460644	2	1	1	-7.68298393860382
15	22846932	54847815	0.250574556849555	354	0.0932047681138414	0.733298894869457	976483	0.24528691568495	1	1	0	-6.77955206946129
15	54915975	102359203	0.498903542406922	682	0.0742534523719383	1.03099193077284	1343890	0.331517725892514	2	1	1	-7.13789154661538
16	97610	31471378	0.487938954322172	774	0.0727234560326004	1.14387044942368	1502898	0.355993362157029	2	1	1	-7.28764294835769
16	31987859	33722317	0.286442748453174	40	0.102327750829106	1.25726924213815	9359	0.536706976049137	4	3	1	-7.14681253765275
16	46940779	81121353	0.498889829840875	451	0.0836986218838016	1.08779231829864	997178	0.346800649630188	2	1	1	-6.76063029494421
16	81142042	81703902	0.386077185947217	46	0.0906908242539714	1.53785723434362	25154	0.513058649480223	3	2	1	-6.74626308814065
16	81730381	90108832	0.476885448585067	308	0.0722914811799776	1.16953371181602	349728	0.378427603392489	2	1	1	-7.0382249790166
17	31208	17932008	0.253242135984062	590	0.097701514905302	0.743614557301655	991760	0.226733431006317	1	1	0	-6.86702531468243
17	17942800	21826256	0.491676710131856	117	0.0867678165768625	1.12604628263854	176118	0.38795346570449	2	1	1	-6.77296881688707
17	25887530	81083455	0.498931173970646	1524	0.0711892245551492	1.07828950851964	2839539	0.336656364945296	2	1	1	-6.73772771784618
18	163475	13826139	0.267941173163819	142	0.114622967954677	0.774057605321229	247524	0.287956309455166	1	1	0	-7.13331130000211
18	18533521	77927028	0.475836177607309	327	0.0735341812421978	1.06528491848302	753172	0.351779204474632	2	1	1	-6.81633959942026
19	107456	23927345	0.498931291077005	1404	0.0724713466993609	1.12556173924711	2026882	0.34415971461745	2	1	1	-6.98705611311071
19	29567134	59059519	0.488188254603453	1507	0.0760905651747225	1.12653792295386	2344683	0.347853888455808	2	1	1	-7.06332973874204
20	138125	25900293	0.498883839819569	312	0.0768441311232446	1.05896553709416	532074	0.33858179275794	2	1	1	-6.75995868130929
20	29625788	62903729	0.470532354209076	613	0.0645317661018003	1.09659644721439	1227379	0.352153315450882	2	1	1	-6.92438734130186
21	9825838	11098863	0.498607539620586	21	0.117662612907374	1.17029401355956	9341	0.361520892549423	2	1	1	-6.7758624531917
21	14760251	48083526	0.498894739567462	462	0.0700838277197483	1.07963878308236	717192	0.350574017824626	2	1	1	-6.73758074951391
22	16157883	40832375	0.498906902381927	651	0.0693542780287799	1.10228512383285	1082883	0.34816142049143	2	1	1	-6.81439433115426
22	41075543	42912097	0.327570205069778	51	0.0831317782139875	1.44905538166056	131754	0.460748293548676	3	2	1	-6.94257068554074
22	42912106	50553148	0.404839142438244	235	0.0794762966169776	1.48550887959851	241452	0.494490503691192	3	2	1	-6.83826505194035
22	50553514	51159798	0.188080407663803	99	0.0875763906609289	1.1853535142689	114780	0.329180262432772	2	2	0	-6.7788578751095
