chromosome	position	GC.percent	good.reads	adjusted.ratio	F	mutation	CNn	CNt	Mt	LPP
1	29605963	60	113	1.0476111799452	0.257	C>T	2	2	1	-11.3836616193924
1	115256530	46	43	1.0476111799452	0.395	G>T	2	2	1	-11.7302840202316
1	158435833	54	82	1.08299814376592	0.329	C>T	2	2	1	-10.4446599609515
1	158435834	54	82	1.08299814376592	0.329	C>T	2	2	1	-10.4446599609515
1	160580563	44	65	1.08299814376592	0.277	G>A	2	2	1	-10.8669539857177
1	175331948	54	48	1.08299814376592	0.375	G>A	2	2	1	-11.1420766595335
1	200182726	72	40	1.08299814376592	0.2	G>A	2	2	1	-14.1604619648066
1	201043610	56	80	1.08299814376592	0.388	C>T	2	2	1	-11.4093914291609
2	152534431	52	54	1.06015546004185	0.389	C>T	2	2	1	-11.4213909217482
2	179398982	44	105	1.06015546004185	0.276	C>T	2	2	1	-10.878953478305
2	179481883	48	71	1.06015546004185	0.225	C>T	2	2	1	-13.0183268784204
2	179606514	46	42	1.06015546004185	0.214	C>T	2	2	1	-13.5658447689863
2	204304965	58	63	1.06015546004185	0.333	G>T	2	2	1	-10.4566594535388
2	222428737	50	63	1.06015546004185	0.222	C>T	2	2	1	-13.0183268784204
2	225659754	50	72	1.06015546004185	0.403	T>C	2	2	1	-11.7302840202316
2	238726634	36	45	1.06015546004185	0.222	C>T	2	2	1	-13.0183268784204
3	14746009	54	51	1.06253656693939	0.275	C>T	2	2	1	-10.8669539857177
3	15616457	34	69	1.06253656693939	0.261	G>A	2	2	1	-11.3716621268051
3	47307265	62	60	1.06253656693939	0.283	G>A	2	2	1	-10.8669539857177
3	128976413	54	53	1.02662265863533	0.321	T>G	2	2	1	-10.4487720887057
3	151160915	50	42	1.02662265863533	0.286	G>A	2	2	1	-10.7004706978182
3	155205932	34	68	1.02662265863533	0.368	G>A	2	2	1	-10.9287372102432
3	195690233	58	65	1.02662265863533	0.138	A>G	2	2	1	-19.1905654894429
4	955412	76	59	1.11485575629738	0.305	C>T	2	2	1	-10.5855442079806
4	6066745	34	68	1.11485575629738	0.324	G>A	2	2	1	-10.4644405857044
4	15818299	44	82	1.11485575629738	0.366	G>A	2	2	1	-10.944405707242
4	55948169	48	40	1.02566124654696	0.325	C>T	2	2	1	-10.4487720887057
4	57180326	52	115	1.02566124654696	0.296	G>A	2	2	1	-10.5698757109818
4	62813899	44	49	1.02566124654696	0.265	G>A	2	2	1	-11.3836616193924
4	62813900	44	49	1.02566124654696	0.286	G>A	2	2	1	-10.7004706978182
4	103590106	48	42	1.02566124654696	0.333	G>A	2	2	1	-10.4566594535388
4	126240914	50	61	1.02566124654696	0.213	G>A	2	2	1	-13.5658447689863
4	183720758	64	102	1.02566124654696	0.333	G>A	2	2	1	-10.4566594535388
4	185138755	42	53	1.02566124654696	0.245	G>A	2	2	1	-12.0931356932398
5	63621154	50	68	1.04000503472632	0.324	T>G	2	2	1	-10.4487720887057
5	70819924	50	57	1.04000503472632	0.333	T>C	2	2	1	-10.4566594535388
5	149435613	58	66	1.04000503472632	0.273	G>A	2	2	1	-11.1063209007354
5	149778698	62	48	1.04000503472632	0.271	C>T	2	2	1	-11.1063209007354
5	153377440	40	60	1.04000503472632	0.333	G>A	2	2	1	-10.4566594535388
5	175111320	56	45	1.04000503472632	0.333	C>T	2	2	1	-10.4566594535388
6	4716099	46	77	1.35867397489865	0.208	C>T	2	3	1	-10.6427048700309
6	12123534	54	112	1.35867397489865	0.143	G>A	2	3	1	-13.5161274737202
6	27279624	50	46	1.03452600546819	0.348	C>T	2	2	1	-10.6057956953126
6	31747372	66	58	1.03452600546819	0.345	G>A	2	2	1	-10.5092148673068
6	36824300	54	41	1.03452600546819	0.341	G>A	2	2	1	-10.5092148673068
6	41198763	42	46	1.03452600546819	0.326	C>T	2	2	1	-10.4566594535388
6	160579649	58	55	1.03133356905603	0.382	A>T	2	2	1	-11.1540761521209
7	47343059	62	74	1.09806040787244	0.311	G>A	2	2	1	-10.4742556893731
7	82585599	38	81	1.07721098470135	0.296	C>T	2	2	1	-10.5578762183945
7	94740684	42	56	1.07721098470135	0.446	C>T	2	2	1	-13.8752880194841
7	98563458	50	48	1.07721098470135	0.271	G>A	2	2	1	-11.0943214081481
7	111422886	28	61	1.07721098470135	0.361	G>A	2	2	1	-10.7338153798285
7	142658982	56	44	1.07721098470135	0.295	G>T	2	2	1	-10.5578762183945
7	144378985	28	41	1.07721098470135	0.39	A>G	2	2	1	-11.4093914291609
8	25159815	56	53	1.05110355327009	0.415	C>T	2	2	1	-12.4714187161771
8	55537694	38	82	1.00922941485563	0.341	G>A	2	2	1	-10.5608351530688
8	69728070	38	48	1.00922941485563	0.312	C>T	2	2	1	-10.5378754677224
8	95523729	50	61	1.00922941485563	0.311	G>A	2	2	1	-10.5378754677224
9	72131362	72	65	0.73877190720803	0.477	G>A	2	1	1	-10.4866135012482
9	95841807	62	94	0.73877190720803	0.511	C>T	2	1	1	-10.6495139972385
10	76788348	46	43	0.721065040484603	0.465	C>T	2	1	1	-10.5763249044392
11	27148927	50	40	1.06652608084589	0.375	G>A	2	2	1	-11.1420766595335
11	44621675	60	50	1.06652608084589	0.2	G>A	2	2	1	-14.1604619648066
11	44621676	60	52	1.06652608084589	0.192	G>A	2	2	1	-14.8282913373823
11	47355094	66	108	1.06652608084589	0.37	C>T	2	2	1	-10.9167377176559
11	65653047	58	57	1.05714601720503	0.175	G>A	2	2	1	-15.5716835895247
11	113102571	56	44	1.05714601720503	0.159	G>A	2	2	1	-17.2359808771266
11	130066424	74	57	0.744102424535789	0.456	C>T	2	1	1	-10.5987016846378
12	6125397	50	63	1.0111780850279	0.333	C>T	2	2	1	-10.5082797393008
12	21995399	54	44	1.0111780850279	0.341	G>A	2	2	1	-10.5608351530688
12	25261720	40	44	1.0111780850279	0.432	G>A	2	2	1	-12.9546836156289
13	76409333	46	62	1.04377012552711	0.274	C>T	2	2	1	-11.1063209007354
13	101756968	48	77	1.04377012552711	0.247	C>T	2	2	1	-11.7121656863645
14	21869630	46	42	1.05820233408612	0.357	C>T	2	2	1	-10.7458148724159
14	21869631	46	42	1.05820233408612	0.357	C>T	2	2	1	-10.7458148724159
14	23072328	42	73	1.05820233408612	0.301	C>T	2	2	1	-10.5698757109818
14	23512224	64	68	1.05820233408612	0.235	C>T	2	2	1	-12.0931356932398
14	23999348	52	55	1.05820233408612	0.364	C>T	2	2	1	-10.7458148724159
14	24511906	36	69	1.05820233408612	0.203	C>T	2	2	1	-14.172461457394
14	68045901	72	51	1.05820233408612	0.216	C>T	2	2	1	-13.0183268784204
14	91874936	54	65	1.05820233408612	0.369	G>A	2	2	1	-10.9287372102432
14	96179142	32	43	1.05820233408612	0.256	G>A	2	2	1	-11.3836616193924
15	24923683	44	51	0.733298894869457	0.412	C>T	2	1	1	-11.5011383877702
15	75498508	62	85	1.03099193077284	0.259	C>T	2	2	1	-11.3836616193924
15	88472566	58	61	1.03099193077284	0.18	G>A	2	2	1	-15.5716835895247
15	91453932	56	76	1.03099193077284	0.237	C>T	2	2	1	-12.0931356932398
15	94899426	36	54	1.03099193077284	0.148	G>A	2	2	1	-18.1751559028343
15	94899427	36	53	1.03099193077284	0.151	G>A	2	2	1	-18.1751559028343
16	819603	70	93	1.14387044942368	0.258	G>A	2	2	1	-11.3993301163912
16	1798581	64	49	1.14387044942368	0.102	C>T	2	2	1	-24.1275663158025
16	6704738	46	53	1.14387044942368	0.283	G>A	2	2	1	-10.8946219753038
16	24581196	42	105	1.14387044942368	0.352	C>T	2	2	1	-10.6214641923114
16	81972455	46	64	1.16953371181602	0.219	C>T	2	2	1	-13.1014089072153
17	10432840	26	41	0.743614557301655	0.659	C>T	2	1	1	-16.9212428656617
17	34264789	52	46	1.07828950851964	0.326	C>T	2	2	1	-10.4446599609515
17	38641195	48	56	1.07828950851964	0.196	C>T	2	2	1	-14.1604619648066
17	71197361	46	69	1.07828950851964	0.261	C>T	2	2	1	-11.3716621268051
17	72588819	58	48	1.07828950851964	0.167	C>T	2	2	1	-16.357265438295
18	7231368	56	85	0.774057605321229	0.482	C>T	2	1	1	-10.571748322582
18	30275425	42	76	1.06528491848302	0.25	C>T	2	2	1	-11.7001661937771
18	44121832	58	51	1.06528491848302	0.294	G>A	2	2	1	-10.6884712052309
18	47340573	64	101	1.06528491848302	0.208	G>A	2	2	1	-13.553845276399
18	47340574	64	103	1.06528491848302	0.214	G>A	2	2	1	-13.553845276399
19	7707625	70	61	1.12556173924711	0.279	C>T	2	2	1	-10.8946219753038
19	10225725	60	127	1.12556173924711	0.315	C>T	2	2	1	-10.4644405857044
19	48879000	62	48	1.12653792295386	0.25	C>T	2	2	1	-11.7278341833632
19	50720880	58	163	1.12653792295386	0.307	C>T	2	2	1	-10.5019236789592
19	51628674	62	93	1.12653792295386	0.226	A>G	2	2	1	-12.5436682732015
20	23066025	54	118	1.05896553709416	0.237	C>T	2	2	1	-12.0931356932398
20	57768997	60	116	1.09659644721439	0.259	G>A	2	2	1	-11.3716621268051
22	26423519	58	127	1.10228512383285	0.362	C>T	2	2	1	-10.7338153798285
22	37398123	66	77	1.10228512383285	0.299	C>T	2	2	1	-10.5578762183945
22	46765223	64	72	1.48550887959851	0.208	C>T	2	3	1	-10.6576744461784
22	50493630	48	140	1.48550887959851	0.171	C>T	2	3	1	-11.888924255636
