chromosome	position	GC.percent	good.reads	adjusted.ratio	F	mutation	CNn	CNt	Mt	LPP
1	19526084	38	48	1.11441896353794	0.375	T>C	2	7	4	-10.796201830189
1	29605963	60	66	1.11441896353794	0.303	C>T	2	7	3	-10.4706319499133
1	115256530	46	42	1.11441896353794	0.429	G>T	2	7	4	-10.5241726164965
1	158435833	54	54	0.998457048216128	0.259	C>T	2	6	2	-10.5729973903176
1	158435834	54	53	0.998457048216128	0.245	C>T	2	6	2	-10.3729991499351
1	201043610	56	60	0.998457048216128	0.283	C>T	2	6	2	-10.9777615634601
2	172563798	46	52	0.977340793102133	0.308	C>T	2	5	2	-10.9485901853737
2	179398982	44	62	0.977340793102133	0.323	C>T	2	5	2	-11.2000509943911
2	179468714	42	60	0.977340793102133	0.267	G>A	2	5	2	-10.4128802950598
2	204304965	58	45	0.977340793102133	0.356	G>T	2	5	3	-10.7825804549868
2	222428737	50	56	0.977340793102133	0.411	C>T	2	5	3	-10.5403042929219
2	234113351	62	72	0.977340793102133	0.208	G>A	2	5	2	-11.1387407496775
2	237489508	54	81	0.977340793102133	0.272	T>G	2	5	2	-10.4128802950598
3	14746009	54	41	0.994895370491992	0.195	C>T	2	6	2	-10.6333802856295
3	47307265	62	45	0.994895370491992	0.156	G>A	2	6	1	-11.0256529082959
3	124418784	50	55	0.963256799316716	0.382	C>T	2	5	3	-10.5600976055295
3	128976413	54	47	0.963256799316716	0.468	T>G	2	5	4	-11.2466018053248
3	133347441	54	40	0.963256799316716	0.125	G>A	2	5	1	-10.1684773192125
3	155205932	34	42	0.963256799316716	0.238	G>A	2	5	2	-10.5328633807476
5	65350337	52	40	1.06154574452942	0.1	G>A	2	6	1	-10.1413054585592
5	70819924	50	48	1.06154574452942	0.396	T>C	2	6	3	-10.994939524323
5	141023869	58	73	1.06154574452942	0.164	C>T	2	6	1	-11.0057354756147
5	149435613	58	53	1.06154574452942	0.208	G>A	2	6	2	-10.4615823216556
5	149778698	62	41	1.06154574452942	0.268	C>T	2	6	2	-10.7304753960944
6	4716099	46	40	1.37307798327258	0.275	C>T	2	9	3	-10.4879786278689
6	12123534	54	64	1.37307798327258	0.281	G>A	2	9	3	-10.4879786278689
6	27279624	50	48	1.07377931635503	0.479	C>T	2	6	4	-10.5470252964183
6	31747372	66	51	1.07377931635503	0.529	G>A	2	6	5	-11.1363587239884
6	160579649	58	51	1.04167145445778	0.471	A>T	2	6	4	-10.4985794670592
7	228774	60	117	1.003	0.316	G>A	2	6	3	-10.6655146721659
7	47343059	62	40	0.938438893256745	0.35	G>A	2	5	3	-10.9326226484394
7	82585599	38	46	0.927177451663077	0.348	C>T	2	5	3	-10.9326226484394
7	100411600	62	139	0.927177451663077	0.101	C>T	2	5	1	-10.4912690502279
8	25159815	56	47	1.09460598762363	0.404	C>T	2	6	3	-11.0146428848165
8	55537694	38	87	1.03864065993246	0.31	G>A	2	6	3	-10.7996015385755
8	69728070	38	45	1.03864065993246	0.222	C>T	2	6	2	-10.3688005882047
8	95523729	50	50	1.03864065993246	0.28	G>A	2	6	2	-10.9578441307789
9	96439166	68	62	1.00244340198717	0.306	C>T	2	6	3	-10.8195189712566
9	113275205	52	60	1.00244340198717	0.25	C>T	2	6	2	-10.4467653001747
11	17577468	56	43	1.12702553462836	0.209	G>A	2	7	2	-10.3061442234653
11	47355094	66	85	1.12702553462836	0.306	C>T	2	7	3	-10.4362824698986
11	65653047	58	56	1.11498451866234	0.143	G>A	2	7	1	-10.7534919457797
11	72282163	46	55	1.11498451866234	0.255	G>A	2	7	3	-11.0873336622967
11	110030114	44	43	1.11498451866234	0.279	C>A	2	7	3	-10.6811676192229
12	6125397	50	45	1.0118496515276	0.4	C>T	2	6	3	-11.0148569570041
14	23072328	42	56	1.07999902352314	0.321	C>T	2	6	3	-10.6653005999783
14	23512224	64	44	1.07999902352314	0.455	C>T	2	6	4	-10.529285900897
14	23999348	52	42	1.07999902352314	0.405	C>T	2	6	3	-11.0146428848165
14	68045901	72	47	1.07999902352314	0.319	C>T	2	6	3	-10.6653005999783
14	101493150	42	41	1.07999902352314	0.22	C>T	2	6	2	-10.3885039486982
15	24923683	44	43	0.778979088555048	0.558	C>T	2	4	4	-11.0299431040236
15	75498508	62	62	1.17665123274017	0.29	C>T	2	7	3	-10.5404067047323
15	88472566	58	41	1.17665123274017	0.317	G>A	2	7	3	-10.4365212426401
15	91453932	56	49	1.17665123274017	0.367	C>T	2	7	4	-10.9635169835885
15	94899426	36	55	1.17665123274017	0.255	G>A	2	7	3	-11.0757844792862
15	94899427	36	54	1.17665123274017	0.241	G>A	2	7	2	-10.6126179023947
16	819603	70	42	1.06301295336594	0.333	G>A	2	6	3	-10.5566667589755
16	2627501	40	101	1.06301295336594	0.168	G>A	2	6	1	-11.4487807163194
16	24581196	42	72	1.06301295336594	0.194	C>T	2	6	2	-10.8462594289026
17	39502880	66	58	0.991044098129218	0.328	C>G	2	6	3	-10.5568808311631
19	5787237	68	44	1.39086457952124	0.114	T>C	2	9	1	-10.3480447598592
19	7707625	70	58	1.39086457952124	0.207	C>T	2	9	2	-10.7357593398826
19	19758073	56	99	1.39086457952124	0.182	G>A	2	9	2	-10.2455069956517
19	50720880	58	95	0.943331988898578	0.326	C>T	2	5	3	-11.4395412298531
20	3218521	50	68	1.07830660196138	0.103	C>G	2	6	1	-10.1610088190527
20	57768997	60	65	1.13761315163923	0.246	G>A	2	7	2	-10.8401077244254
22	26423519	58	64	1.11005641125619	0.312	C>T	2	7	3	-10.4362824698986
22	37398123	66	48	1.11005641125619	0.375	C>T	2	7	4	-10.796201830189
22	46765223	64	49	1.56064924253331	0.265	C>T	2	10	3	-10.4693213993816
22	50493630	48	120	1.56064924253331	0.217	C>T	2	10	3	-10.3977255378165
